           0  -0.374398   0.000  0.000  0.000   
      100000  -0.812243   0.406  0.604  0.000   
      200000  -0.547725   0.416  0.600  0.000   
      300000  -0.836339   0.419  0.598  0.000   
      400000  -0.657456   0.421  0.598  0.000   
      500000  -0.598148   0.425  0.598  0.000   
      600000  -0.594095   0.421  0.599  0.000   
      700000  -0.554604   0.421  0.599  0.000   
      800000  -0.660223   0.422  0.599  0.000   
      900000  -0.506135   0.424  0.598  0.000   
     1000000  -0.568492   0.424  0.598  0.000   
     1100000  -0.522713   0.424  0.598  0.000   
     1200000  -1.235589   0.429  0.597  0.000   
     1300000  -1.272124   0.452  0.595  0.000   
     1400000  -1.177920   0.471  0.592  0.000   
     1500000  -1.107399   0.491  0.591  0.000   
     1600000  -1.038948   0.505  0.589  0.000   
     1700000  -1.224992   0.519  0.587  0.000   
     1800000  -1.358429   0.533  0.586  0.000   
     1900000  -1.237802   0.544  0.585  0.000   
     2000000  -1.256232   0.555  0.584  0.000   
     2100000  -1.329591   0.563  0.583  0.000   
     2200000  -0.927898   0.570  0.582  0.000   
     2300000  -1.297264   0.576  0.581  0.000   
     2400000  -1.186090   0.583  0.581  0.000   
     2500000  -1.236062   0.589  0.580  0.000   
     2600000  -1.017300   0.594  0.579  0.000   
     2700000  -1.207400   0.597  0.578  0.000   
     2800000  -1.124133   0.603  0.578  0.000   
     2900000  -1.163781   0.608  0.577  0.000   
     3000000  -1.132231   0.611  0.577  0.000   
     3100000  -1.226511   0.616  0.576  0.000   
     3200000  -1.234574   0.620  0.576  0.000   
     3300000  -1.013648   0.624  0.576  0.000   
     3400000  -1.317526   0.629  0.576  0.000   
     3500000  -1.014562   0.632  0.575  0.000   
     3600000  -1.329730   0.635  0.575  0.000   
     3700000  -1.209710   0.639  0.575  0.000   
     3800000  -1.274410   0.641  0.575  0.000   
     3900000  -1.101772   0.642  0.574  0.000   
     4000000  -1.286793   0.646  0.574  0.000   
     4100000  -1.302403   0.649  0.574  0.000   
     4200000  -1.214847   0.652  0.574  0.000   
     4300000  -1.177487   0.653  0.574  0.000   
     4400000  -1.212864   0.655  0.573  0.000   
     4500000  -1.309247   0.655  0.573  0.000   
     4600000  -1.049350   0.658  0.573  0.000   
     4700000  -1.218817   0.660  0.573  0.000   
     4800000  -1.161483   0.661  0.572  0.000   
     4900000  -1.057603   0.662  0.572  0.000   
     5000000  -1.181839   0.663  0.572  0.000   
     5100000  -1.165257   0.664  0.572  0.000   
     5200000  -1.179851   0.666  0.572  0.000   
     5300000  -1.143781   0.668  0.571  0.000   
     5400000  -1.240721   0.669  0.571  0.000   
     5500000  -1.226469   0.670  0.571  0.000   
     5600000  -1.236296   0.671  0.571  0.000   
     5700000  -0.951210   0.672  0.571  0.000   
     5800000  -1.242297   0.674  0.571  0.000   
     5900000  -1.260074   0.674  0.570  0.000   
     6000000  -1.212471   0.675  0.570  0.000   
     6100000  -1.180972   0.676  0.570  0.000   
     6200000  -1.209570   0.677  0.570  0.000   
     6300000  -0.997316   0.678  0.570  0.000   
     6400000  -1.182315   0.679  0.570  0.000   
     6500000  -1.262874   0.679  0.570  0.000   
     6600000  -1.400222   0.680  0.570  0.000   
     6700000  -1.171512   0.682  0.570  0.000   
     6800000  -1.225445   0.683  0.570  0.000   
     6900000  -1.258256   0.684  0.570  0.000   
     7000000  -1.258637   0.684  0.570  0.000   
     7100000  -1.263034   0.684  0.569  0.000   
     7200000  -1.274920   0.684  0.569  0.000   
     7300000  -1.246908   0.685  0.569  0.000   
     7400000  -1.205073   0.686  0.569  0.000   
     7500000  -1.377326   0.687  0.569  0.000   
     7600000  -1.283931   0.687  0.569  0.000   
     7700000  -1.350939   0.688  0.569  0.000   
     7800000  -1.269140   0.689  0.569  0.000   
     7900000  -1.166734   0.689  0.569  0.000   
     8000000  -1.025440   0.689  0.569  0.000   
     8100000  -1.185939   0.690  0.568  0.000   
     8200000  -1.116377   0.690  0.568  0.000   
     8300000  -1.343501   0.691  0.568  0.000   
     8400000  -1.058171   0.691  0.568  0.000   
     8500000  -1.094525   0.691  0.568  0.000   
     8600000  -1.175044   0.692  0.568  0.000   
     8700000  -1.153747   0.692  0.568  0.000   
     8800000  -1.188170   0.692  0.568  0.000   
     8900000  -1.209946   0.693  0.568  0.000   
     9000000  -1.228153   0.694  0.568  0.000   
     9100000  -1.116619   0.694  0.568  0.000   
     9200000  -1.226575   0.694  0.568  0.000   
     9300000  -1.104018   0.695  0.568  0.000   
     9400000  -1.246861   0.695  0.567  0.000   
     9500000  -1.231606   0.695  0.567  0.000   
     9600000  -1.175472   0.695  0.567  0.000   
     9700000  -1.186299   0.695  0.567  0.000   
     9800000  -1.101226   0.696  0.567  0.000   
     9900000  -1.318960   0.696  0.567  0.000   
    10000000  -1.207403   0.696  0.567  0.000   
    10100000  -1.271081   0.696  0.567  0.000   
    10200000  -1.233950   0.697  0.567  0.000   
    10300000  -1.132400   0.697  0.567  0.000   
    10400000  -1.286337   0.698  0.567  0.000   
    10500000  -1.047218   0.698  0.567  0.000   
    10600000  -1.117162   0.698  0.567  0.000   
    10700000  -1.199453   0.699  0.567  0.000   
    10800000  -1.136199   0.699  0.567  0.000   
    10900000  -1.280614   0.700  0.567  0.000   
    11000000  -1.084616   0.700  0.567  0.000   
    11100000  -1.142168   0.700  0.567  0.000   
    11200000  -1.278279   0.700  0.567  0.000   
    11300000  -1.179824   0.701  0.567  0.000   
    11400000  -1.347677   0.701  0.567  0.000   
    11500000  -1.263410   0.702  0.567  0.000   
    11600000  -1.079985   0.702  0.567  0.000   
    11700000  -1.162440   0.702  0.567  0.000   
    11800000  -0.965058   0.703  0.567  0.000   
    11900000  -1.344531   0.703  0.567  0.000   
    12000000  -1.017365   0.704  0.567  0.000   
    12100000  -1.041961   0.704  0.567  0.000   
    12200000  -1.282584   0.704  0.567  0.000   
    12300000  -1.255308   0.704  0.566  0.000   
    12400000  -1.105826   0.705  0.567  0.000   
    12500000  -1.104630   0.705  0.566  0.000   
    12600000  -1.152586   0.705  0.566  0.000   
    12700000  -1.071730   0.706  0.566  0.000   
    12800000  -1.365106   0.706  0.566  0.000   
    12900000  -1.274515   0.706  0.566  0.000   
    13000000  -1.165729   0.707  0.566  0.000   
    13100000  -1.075611   0.707  0.566  0.000   
    13200000  -1.289162   0.707  0.566  0.000   
    13300000  -1.117615   0.708  0.566  0.000   
    13400000  -1.213291   0.708  0.566  0.000   
    13500000  -1.247077   0.709  0.566  0.000   
    13600000  -1.157805   0.709  0.566  0.000   
    13700000  -1.156081   0.709  0.566  0.000   
    13800000  -1.205955   0.709  0.566  0.000   
    13900000  -1.330023   0.709  0.566  0.000   
    14000000  -1.230309   0.709  0.566  0.000   
    14100000  -0.968720   0.710  0.566  0.000   
    14200000  -1.241591   0.709  0.566  0.000   
    14300000  -1.201210   0.710  0.566  0.000   
    14400000  -0.968551   0.710  0.566  0.000   
    14500000  -1.190662   0.710  0.566  0.000   
    14600000  -1.035766   0.710  0.566  0.000   
    14700000  -1.348187   0.710  0.566  0.000   
    14800000  -1.108237   0.710  0.566  0.000   
    14900000  -1.254043   0.710  0.566  0.000   
    15000000  -1.359559   0.711  0.566  0.000   
    15100000  -1.141041   0.711  0.566  0.000   
    15200000  -1.265505   0.711  0.566  0.000   
    15300000  -1.177706   0.711  0.566  0.000   
    15400000  -1.265113   0.711  0.566  0.000   
    15500000  -1.234884   0.711  0.566  0.000   
    15600000  -1.265839   0.712  0.566  0.000   
    15700000  -1.213423   0.712  0.566  0.000   
    15800000  -1.299203   0.712  0.566  0.000   
    15900000  -1.216039   0.712  0.566  0.000   
    16000000  -1.241413   0.713  0.566  0.000   
    16100000  -1.199821   0.713  0.566  0.000   
    16200000  -1.294859   0.713  0.566  0.000   
    16300000  -1.333587   0.713  0.566  0.000   
    16400000  -1.240007   0.714  0.566  0.000   
    16500000  -1.150270   0.714  0.566  0.000   
    16600000  -1.245510   0.713  0.566  0.000   
    16700000  -1.241293   0.713  0.566  0.000   
    16800000  -1.240817   0.713  0.566  0.000   
    16900000  -1.124183   0.714  0.566  0.000   
    17000000  -0.914123   0.714  0.566  0.000   
    17100000  -1.180465   0.714  0.566  0.000   
    17200000  -1.183478   0.714  0.566  0.000   
    17300000  -1.164545   0.714  0.566  0.000   
    17400000  -1.026622   0.714  0.566  0.000   
    17500000  -1.256412   0.714  0.566  0.000   
    17600000  -1.048780   0.714  0.566  0.000   
    17700000  -1.034970   0.714  0.566  0.000   
    17800000  -1.028624   0.715  0.566  0.000   
    17900000  -1.067575   0.715  0.566  0.000   
    18000000  -1.223788   0.715  0.566  0.000   
    18100000  -1.162428   0.715  0.566  0.000   
    18200000  -1.145168   0.715  0.566  0.000   
    18300000  -1.067985   0.714  0.565  0.000   
    18400000  -1.106554   0.715  0.565  0.000   
    18500000  -1.226961   0.715  0.565  0.000   
    18600000  -1.292872   0.715  0.565  0.000   
    18700000  -1.122354   0.715  0.565  0.000   
    18800000  -1.286743   0.715  0.565  0.000   
    18900000  -1.224873   0.715  0.565  0.000   
    19000000  -0.984492   0.715  0.565  0.000   
    19100000  -1.158391   0.715  0.565  0.000   
    19200000  -1.098228   0.715  0.565  0.000   
    19300000  -0.904637   0.715  0.565  0.000   
    19400000  -1.234698   0.715  0.565  0.000   
    19500000  -1.273534   0.715  0.565  0.000   
    19600000  -1.300564   0.715  0.565  0.000   
    19700000  -1.353623   0.715  0.565  0.000   
    19800000  -1.228758   0.715  0.565  0.000   
    19900000  -1.069330   0.715  0.565  0.000   
    20000000  -1.410885   0.715  0.565  0.000   
    20100000  -1.278581   0.715  0.565  0.000   
    20200000  -1.222167   0.715  0.565  0.000   
    20300000  -1.004921   0.716  0.565  0.000   
    20400000  -1.343528   0.716  0.565  0.000   
    20500000  -1.340844   0.716  0.565  0.000   
    20600000  -1.116477   0.716  0.565  0.000   
    20700000  -1.175560   0.716  0.565  0.000   
    20800000  -1.124056   0.716  0.565  0.000   
    20900000  -1.120661   0.716  0.565  0.000   
    21000000  -1.211951   0.716  0.565  0.000   
    21100000  -1.120760   0.716  0.565  0.000   
    21200000  -1.047862   0.716  0.565  0.000   
    21300000  -1.135842   0.717  0.565  0.000   
    21400000  -1.169162   0.717  0.565  0.000   
    21500000  -1.085518   0.717  0.565  0.000   
    21600000  -1.198132   0.717  0.565  0.000   
    21700000  -1.148766   0.717  0.565  0.000   
    21800000  -1.246505   0.717  0.565  0.000   
    21900000  -1.123194   0.717  0.565  0.000   
    22000000  -1.174552   0.717  0.565  0.000   
    22100000  -1.167667   0.717  0.565  0.000   
    22200000  -1.154403   0.717  0.565  0.000   
    22300000  -1.352401   0.717  0.565  0.000   
    22400000  -1.182744   0.717  0.565  0.000   
    22500000  -1.335450   0.717  0.565  0.000   
    22600000  -1.096682   0.717  0.565  0.000   
    22700000  -1.231202   0.717  0.565  0.000   
    22800000  -1.192030   0.718  0.565  0.000   
    22900000  -1.342331   0.718  0.565  0.000   
    23000000  -1.314396   0.718  0.565  0.000   
    23100000  -0.974706   0.718  0.565  0.000   
    23200000  -1.193275   0.718  0.565  0.000   
    23300000  -1.285407   0.718  0.565  0.000   
    23400000  -1.168919   0.718  0.565  0.000   
    23500000  -1.361246   0.718  0.565  0.000   
    23600000  -1.157461   0.718  0.565  0.000   
    23700000  -1.250859   0.718  0.565  0.000   
    23800000  -1.071649   0.718  0.565  0.000   
    23900000  -1.159767   0.718  0.565  0.000   
    24000000  -1.253690   0.718  0.565  0.000   
    24100000  -1.199638   0.719  0.565  0.000   
    24200000  -1.315005   0.719  0.565  0.000   
    24300000  -1.131847   0.719  0.565  0.000   
    24400000  -1.271981   0.719  0.565  0.000   
    24500000  -1.103082   0.719  0.565  0.000   
    24600000  -1.119214   0.719  0.565  0.000   
    24700000  -1.211044   0.720  0.565  0.000   
    24800000  -1.223917   0.720  0.565  0.000   
    24900000  -1.329620   0.720  0.565  0.000   
    25000000  -0.826426   0.720  0.565  0.000   
    25100000  -1.154852   0.720  0.565  0.000   
    25200000  -1.048388   0.720  0.565  0.000   
    25300000  -1.229749   0.720  0.565  0.000   
    25400000  -1.246204   0.720  0.565  0.000   
    25500000  -1.244995   0.720  0.565  0.000   
    25600000  -1.291581   0.720  0.565  0.000   
    25700000  -1.222003   0.720  0.565  0.000   
    25800000  -1.202349   0.720  0.565  0.000   
    25900000  -1.294804   0.720  0.565  0.000   
    26000000  -1.135489   0.720  0.565  0.000   
    26100000  -1.132549   0.720  0.565  0.000   
    26200000  -1.191687   0.720  0.565  0.000   
    26300000  -1.328334   0.720  0.565  0.000   
    26400000  -1.186438   0.721  0.565  0.000   
    26500000  -1.188684   0.721  0.565  0.000   
    26600000  -1.344775   0.721  0.565  0.000   
    26700000  -1.200158   0.721  0.565  0.000   
    26800000  -1.215098   0.721  0.565  0.000   
    26900000  -1.185082   0.721  0.565  0.000   
    27000000  -1.089344   0.721  0.565  0.000   
    27100000  -1.272549   0.721  0.565  0.000   
    27200000  -1.244987   0.721  0.565  0.000   
    27300000  -1.114763   0.721  0.565  0.000   
    27400000  -1.066705   0.721  0.565  0.000   
    27500000  -1.249159   0.721  0.565  0.000   
    27600000  -1.311016   0.721  0.565  0.000   
    27700000  -1.269931   0.721  0.565  0.000   
    27800000  -1.160493   0.721  0.565  0.000   
    27900000  -1.293684   0.722  0.565  0.000   
    28000000  -1.353994   0.722  0.565  0.000   
    28100000  -1.106516   0.722  0.565  0.000   
    28200000  -1.134028   0.722  0.565  0.000   
    28300000  -1.152631   0.722  0.565  0.000   
    28400000  -1.209583   0.722  0.565  0.000   
    28500000  -1.071741   0.722  0.565  0.000   
    28600000  -1.003969   0.722  0.565  0.000   
    28700000  -1.272638   0.722  0.565  0.000   
    28800000  -1.191433   0.722  0.565  0.000   
    28900000  -1.179555   0.723  0.565  0.000   
    29000000  -1.257754   0.723  0.565  0.000   
    29100000  -1.037133   0.722  0.565  0.000   
    29200000  -1.144623   0.722  0.565  0.000   
    29300000  -1.178232   0.722  0.565  0.000   
    29400000  -1.156434   0.722  0.565  0.000   
    29500000  -1.161305   0.722  0.565  0.000   
    29600000  -1.169068   0.722  0.565  0.000   
    29700000  -1.075646   0.722  0.565  0.000   
    29800000  -1.200071   0.722  0.565  0.000   
    29900000  -1.249759   0.723  0.565  0.000   
    30000000  -1.301331   0.723  0.565  0.000   
    30100000  -1.271363   0.723  0.565  0.000   
    30200000  -1.227327   0.723  0.565  0.000   
    30300000  -1.134466   0.723  0.565  0.000   
    30400000  -1.273942   0.723  0.565  0.000   
    30500000  -1.241105   0.723  0.565  0.000   
    30600000  -1.367263   0.723  0.565  0.000   
    30700000  -1.249307   0.723  0.565  0.000   
    30800000  -1.118023   0.723  0.565  0.000   
    30900000  -1.006823   0.724  0.565  0.000   
    31000000  -1.070139   0.723  0.565  0.000   
    31100000  -1.294161   0.724  0.565  0.000   
    31200000  -0.803369   0.724  0.565  0.000   
    31300000  -1.094713   0.724  0.565  0.000   
    31400000  -1.164846   0.724  0.565  0.000   
    31500000  -1.319544   0.724  0.565  0.000   
    31600000  -1.093274   0.724  0.565  0.000   
    31700000  -1.349450   0.724  0.565  0.000   
    31800000  -1.064098   0.724  0.565  0.000   
    31900000  -1.146395   0.724  0.565  0.000   
    32000000  -0.985886   0.724  0.565  0.000   
    32100000  -1.103073   0.724  0.565  0.000   
    32200000  -1.338363   0.724  0.565  0.000   
    32300000  -1.101021   0.724  0.565  0.000   
    32400000  -1.286189   0.724  0.565  0.000   
    32500000  -1.112646   0.724  0.565  0.000   
    32600000  -1.199314   0.724  0.565  0.000   
    32700000  -1.071271   0.724  0.565  0.000   
    32800000  -1.184088   0.724  0.565  0.000   
    32900000  -1.017516   0.724  0.565  0.000   
    33000000  -1.135939   0.724  0.565  0.000   
    33100000  -1.318324   0.724  0.565  0.000   
    33200000  -1.198570   0.724  0.565  0.000   
    33300000  -1.223905   0.724  0.565  0.000   
    33400000  -1.194955   0.724  0.565  0.000   
    33500000  -1.220834   0.724  0.565  0.000   
    33600000  -1.292204   0.724  0.565  0.000   
    33700000  -1.222198   0.724  0.565  0.000   
    33800000  -1.266230   0.724  0.565  0.000   
    33900000  -1.125046   0.724  0.565  0.000   
    34000000  -1.068346   0.724  0.565  0.000   
    34100000  -1.262329   0.724  0.565  0.000   
    34200000  -1.265231   0.725  0.565  0.000   
    34300000  -1.263524   0.725  0.565  0.000   
    34400000  -1.156546   0.725  0.565  0.000   
    34500000  -1.072880   0.725  0.565  0.000   
    34600000  -1.149112   0.725  0.565  0.000   
    34700000  -1.049502   0.724  0.565  0.000   
    34800000  -1.191830   0.724  0.565  0.000   
    34900000  -1.162779   0.724  0.565  0.000   
    35000000  -0.987325   0.725  0.565  0.000   
    35100000  -1.232466   0.725  0.565  0.000   
    35200000  -1.259459   0.725  0.565  0.000   
    35300000  -1.283002   0.725  0.565  0.000   
    35400000  -1.037144   0.725  0.565  0.000   
    35500000  -1.261486   0.725  0.564  0.000   
    35600000  -1.330339   0.725  0.565  0.000   
    35700000  -1.071931   0.725  0.564  0.000   
    35800000  -1.109874   0.725  0.564  0.000   
    35900000  -1.151155   0.725  0.564  0.000   
    36000000  -1.038439   0.725  0.564  0.000   
    36100000  -1.036681   0.725  0.564  0.000   
    36200000  -1.189391   0.725  0.564  0.000   
    36300000  -1.154442   0.725  0.564  0.000   
    36400000  -1.244353   0.725  0.564  0.000   
    36500000  -1.290150   0.725  0.564  0.000   
    36600000  -1.299517   0.725  0.564  0.000   
    36700000  -1.312551   0.725  0.564  0.000   
    36800000  -1.228795   0.725  0.564  0.000   
    36900000  -1.327504   0.725  0.564  0.000   
    37000000  -1.228610   0.725  0.564  0.000   
    37100000  -1.219159   0.725  0.564  0.000   
    37200000  -1.227746   0.725  0.564  0.000   
    37300000  -1.217472   0.725  0.564  0.000   
    37400000  -1.122457   0.725  0.564  0.000   
    37500000  -1.162999   0.725  0.564  0.000   
    37600000  -1.314261   0.725  0.564  0.000   
    37700000  -1.079686   0.725  0.564  0.000   
    37800000  -1.235492   0.725  0.564  0.000   
    37900000  -1.109023   0.725  0.564  0.000   
    38000000  -1.151077   0.725  0.564  0.000   
    38100000  -0.998650   0.725  0.564  0.000   
    38200000  -1.259177   0.725  0.564  0.000   
    38300000  -1.402945   0.725  0.564  0.000   
    38400000  -1.324204   0.725  0.564  0.000   
    38500000  -1.251616   0.726  0.564  0.000   
    38600000  -1.295338   0.726  0.564  0.000   
    38700000  -1.220369   0.726  0.564  0.000   
    38800000  -1.203953   0.726  0.564  0.000   
    38900000  -1.160543   0.726  0.564  0.000   
    39000000  -0.965747   0.726  0.564  0.000   
    39100000  -1.124737   0.726  0.564  0.000   
    39200000  -1.293109   0.726  0.564  0.000   
    39300000  -1.102123   0.726  0.564  0.000   
    39400000  -1.061203   0.726  0.564  0.000   
    39500000  -1.130378   0.726  0.564  0.000   
    39600000  -1.273384   0.726  0.564  0.000   
    39700000  -1.285574   0.726  0.564  0.000   
    39800000  -1.264402   0.726  0.564  0.000   
    39900000  -1.362580   0.726  0.564  0.000   
    40000000  -1.248358   0.726  0.564  0.000   
    40100000  -1.132764   0.726  0.564  0.000   
    40200000  -1.242276   0.726  0.564  0.000   
    40300000  -1.152355   0.726  0.564  0.000   
    40400000  -1.103605   0.726  0.564  0.000   
    40500000  -1.310852   0.726  0.564  0.000   
    40600000  -1.056326   0.726  0.564  0.000   
    40700000  -1.275337   0.726  0.564  0.000   
    40800000  -1.047432   0.726  0.564  0.000   
    40900000  -1.047228   0.726  0.564  0.000   
    41000000  -1.269475   0.726  0.564  0.000   
    41100000  -1.142368   0.726  0.564  0.000   
    41200000  -1.311626   0.726  0.564  0.000   
    41300000  -1.217400   0.726  0.564  0.000   
    41400000  -1.177002   0.726  0.564  0.000   
    41500000  -1.219574   0.726  0.564  0.000   
    41600000  -1.218437   0.726  0.564  0.000   
    41700000  -1.198907   0.726  0.564  0.000   
    41800000  -0.952285   0.726  0.564  0.000   
    41900000  -1.063468   0.726  0.564  0.000   
    42000000  -1.261609   0.726  0.564  0.000   
    42100000  -1.289449   0.726  0.564  0.000   
    42200000  -1.216587   0.726  0.564  0.000   
    42300000  -1.250820   0.726  0.564  0.000   
    42400000  -1.274458   0.726  0.564  0.000   
    42500000  -1.138503   0.726  0.564  0.000   
    42600000  -1.274571   0.726  0.564  0.000   
    42700000  -1.255048   0.726  0.564  0.000   
    42800000  -1.064947   0.726  0.564  0.000   
    42900000  -1.216888   0.726  0.564  0.000   
    43000000  -1.073134   0.726  0.564  0.000   
    43100000  -1.232959   0.726  0.564  0.000   
    43200000  -1.159493   0.726  0.564  0.000   
    43300000  -1.257737   0.726  0.564  0.000   
    43400000  -1.225353   0.726  0.564  0.000   
    43500000  -1.254006   0.726  0.564  0.000   
    43600000  -1.322991   0.726  0.564  0.000   
    43700000  -1.102355   0.726  0.564  0.000   
    43800000  -1.042078   0.726  0.564  0.000   
    43900000  -1.042357   0.726  0.564  0.000   
    44000000  -1.396766   0.726  0.564  0.000   
    44100000  -1.131901   0.726  0.564  0.000   
    44200000  -1.283444   0.726  0.564  0.000   
    44300000  -1.216125   0.726  0.564  0.000   
    44400000  -1.095004   0.726  0.564  0.000   
    44500000  -1.338796   0.726  0.564  0.000   
    44600000  -1.130718   0.726  0.564  0.000   
    44700000  -1.085892   0.726  0.564  0.000   
    44800000  -1.259444   0.726  0.564  0.000   
    44900000  -1.383442   0.726  0.564  0.000   
    45000000  -1.182217   0.727  0.564  0.000   
    45100000  -1.258770   0.727  0.564  0.000   
    45200000  -1.198323   0.727  0.564  0.000   
    45300000  -0.976009   0.727  0.564  0.000   
    45400000  -1.269273   0.727  0.564  0.000   
    45500000  -1.229415   0.727  0.564  0.000   
    45600000  -1.284034   0.727  0.564  0.000   
    45700000  -1.063772   0.727  0.564  0.000   
    45800000  -1.240170   0.727  0.564  0.000   
    45900000  -0.997263   0.727  0.564  0.000   
    46000000  -1.079847   0.727  0.564  0.000   
    46100000  -1.130688   0.727  0.564  0.000   
    46200000  -0.707886   0.726  0.564  0.000   
    46300000  -0.630288   0.726  0.564  0.000   
    46400000  -0.646599   0.725  0.564  0.000   
    46500000  -0.472088   0.724  0.564  0.000   
    46600000  -1.240046   0.724  0.564  0.000   
    46700000  -1.351849   0.724  0.564  0.000   
    46800000  -1.002130   0.724  0.564  0.000   
    46900000  -1.296391   0.724  0.564  0.000   
    47000000  -1.041856   0.724  0.564  0.000   
    47100000  -1.176720   0.724  0.564  0.000   
    47200000  -1.319197   0.724  0.564  0.000   
    47300000  -1.296191   0.724  0.564  0.000   
    47400000  -1.201806   0.724  0.564  0.000   
    47500000  -1.353328   0.724  0.564  0.000   
    47600000  -0.891259   0.724  0.564  0.000   
    47700000  -1.110472   0.724  0.564  0.000   
    47800000  -1.228675   0.724  0.564  0.000   
    47900000  -1.270841   0.724  0.564  0.000   
    48000000  -1.070034   0.724  0.564  0.000   
    48100000  -1.172173   0.724  0.564  0.000   
    48200000  -1.201823   0.724  0.564  0.000   
    48300000  -1.048479   0.724  0.564  0.000   
    48400000  -1.246649   0.724  0.564  0.000   
    48500000  -1.260100   0.725  0.564  0.000   
    48600000  -1.107303   0.725  0.564  0.000   
    48700000  -1.166953   0.725  0.564  0.000   
    48800000  -1.070574   0.725  0.564  0.000   
    48900000  -1.357601   0.725  0.564  0.000   
    49000000  -1.176737   0.725  0.564  0.000   
    49100000  -1.230510   0.725  0.564  0.000   
    49200000  -1.223923   0.725  0.564  0.000   
    49300000  -1.023830   0.725  0.564  0.000   
    49400000  -1.211327   0.725  0.564  0.000   
    49500000  -1.232234   0.725  0.564  0.000   
    49600000  -0.903877   0.725  0.564  0.000   
    49700000  -1.214796   0.725  0.564  0.000   
    49800000  -1.187248   0.725  0.564  0.000   
    49900000  -0.940010   0.725  0.564  0.000   
    50000000  -1.174500   0.725  0.564  0.000   
    50100000  -1.312735   0.725  0.564  0.000   
    50200000  -1.317899   0.725  0.564  0.000   
    50300000  -1.284394   0.725  0.564  0.000   
    50400000  -1.182060   0.725  0.564  0.000   
    50500000  -1.259112   0.725  0.564  0.000   
    50600000  -1.033712   0.725  0.564  0.000   
    50700000  -1.188995   0.725  0.564  0.000   
    50800000  -1.220996   0.725  0.564  0.000   
    50900000  -1.205598   0.725  0.564  0.000   
    51000000  -1.235163   0.725  0.564  0.000   
    51100000  -0.977515   0.725  0.564  0.000   
    51200000  -1.187290   0.725  0.564  0.000   
    51300000  -1.300729   0.725  0.564  0.000   
    51400000  -1.204340   0.725  0.564  0.000   
    51500000  -1.247452   0.725  0.564  0.000   
    51600000  -1.257073   0.725  0.564  0.000   
    51700000  -1.018803   0.725  0.564  0.000   
    51800000  -1.011113   0.725  0.564  0.000   
    51900000  -1.158255   0.725  0.564  0.000   
    52000000  -1.124355   0.725  0.564  0.000   
    52100000  -1.295849   0.725  0.564  0.000   
    52200000  -1.084247   0.725  0.564  0.000   
    52300000  -1.099966   0.725  0.564  0.000   
    52400000  -1.377038   0.725  0.564  0.000   
    52500000  -1.246531   0.725  0.564  0.000   
    52600000  -1.178257   0.725  0.564  0.000   
    52700000  -1.131589   0.725  0.564  0.000   
    52800000  -1.047465   0.725  0.564  0.000   
    52900000  -1.178158   0.725  0.564  0.000   
    53000000  -1.002121   0.725  0.564  0.000   
    53100000  -1.335045   0.725  0.564  0.000   
    53200000  -1.189509   0.725  0.564  0.000   
    53300000  -1.188697   0.725  0.564  0.000   
    53400000  -1.218570   0.726  0.564  0.000   
    53500000  -1.118810   0.726  0.564  0.000   
    53600000  -0.896289   0.726  0.564  0.000   
    53700000  -1.267621   0.726  0.564  0.000   
    53800000  -1.357915   0.726  0.564  0.000   
    53900000  -1.131027   0.726  0.564  0.000   
    54000000  -1.133172   0.726  0.564  0.000   
    54100000  -1.117031   0.726  0.564  0.000   
    54200000  -1.312800   0.726  0.564  0.000   
    54300000  -1.033541   0.726  0.564  0.000   
    54400000  -1.164142   0.726  0.564  0.000   
    54500000  -1.308367   0.726  0.564  0.000   
    54600000  -1.189015   0.726  0.564  0.000   
    54700000  -1.141833   0.726  0.564  0.000   
    54800000  -0.813954   0.726  0.564  0.000   
    54900000  -1.251230   0.726  0.564  0.000   
    55000000  -1.162279   0.726  0.564  0.000   
    55100000  -1.238523   0.726  0.564  0.000   
    55200000  -0.912661   0.726  0.564  0.000   
    55300000  -0.947100   0.726  0.564  0.000   
    55400000  -1.224957   0.726  0.564  0.000   
    55500000  -1.423866   0.726  0.564  0.000   
    55600000  -1.191837   0.726  0.564  0.000   
    55700000  -1.124796   0.726  0.564  0.000   
    55800000  -1.170022   0.726  0.564  0.000   
    55900000  -1.267135   0.726  0.564  0.000   
    56000000  -1.244843   0.726  0.564  0.000   
    56100000  -1.192323   0.726  0.564  0.000   
    56200000  -1.199295   0.726  0.564  0.000   
    56300000  -1.153674   0.726  0.564  0.000   
    56400000  -1.153201   0.726  0.564  0.000   
    56500000  -1.225412   0.726  0.564  0.000   
    56600000  -1.361015   0.726  0.564  0.000   
    56700000  -1.079355   0.726  0.564  0.000   
    56800000  -1.005693   0.726  0.564  0.000   
    56900000  -1.178141   0.726  0.564  0.000   
    57000000  -1.014879   0.726  0.564  0.000   
    57100000  -1.138732   0.726  0.564  0.000   
    57200000  -1.158701   0.726  0.564  0.000   
    57300000  -1.037700   0.726  0.564  0.000   
    57400000  -1.099792   0.726  0.564  0.000   
    57500000  -1.274331   0.726  0.564  0.000   
    57600000  -1.118850   0.726  0.564  0.000   
    57700000  -1.120908   0.726  0.564  0.000   
    57800000  -1.214602   0.726  0.564  0.000   
    57900000  -1.093404   0.726  0.564  0.000   
    58000000  -0.997116   0.726  0.564  0.000   
    58100000  -0.978701   0.726  0.564  0.000   
    58200000  -1.219804   0.726  0.564  0.000   
    58300000  -1.106568   0.726  0.564  0.000   
    58400000  -1.045927   0.726  0.564  0.000   
    58500000  -1.197611   0.726  0.564  0.000   
    58600000  -1.286951   0.726  0.564  0.000   
    58700000  -1.326262   0.726  0.564  0.000   
    58800000  -1.140734   0.726  0.564  0.000   
    58900000  -1.235846   0.726  0.564  0.000   
    59000000  -1.301193   0.726  0.564  0.000   
    59100000  -1.091202   0.726  0.564  0.000   
    59200000  -1.359912   0.726  0.564  0.000   
    59300000  -1.034208   0.726  0.564  0.000   
    59400000  -1.251567   0.726  0.564  0.000   
    59500000  -1.226925   0.726  0.564  0.000   
    59600000  -1.230068   0.726  0.564  0.000   
    59700000  -1.222972   0.726  0.564  0.000   
    59800000  -1.204555   0.726  0.564  0.000   
    59900000  -1.278834   0.726  0.564  0.000   
    60000000  -1.390831   0.726  0.564  0.000   
    60100000  -1.159164   0.726  0.564  0.000   
    60200000  -1.156036   0.726  0.564  0.000   
    60300000  -1.189951   0.726  0.564  0.000   
    60400000  -1.084861   0.726  0.564  0.000   
    60500000  -1.313601   0.726  0.564  0.000   
    60600000  -1.150617   0.726  0.564  0.000   
    60700000  -1.289460   0.726  0.564  0.000   
    60800000  -1.168901   0.726  0.564  0.000   
    60900000  -1.240995   0.726  0.564  0.000   
    61000000  -1.220586   0.726  0.564  0.000   
    61100000  -1.180764   0.726  0.564  0.000   
    61200000  -1.294193   0.726  0.564  0.000   
    61300000  -1.259351   0.726  0.564  0.000   
    61400000  -1.086445   0.726  0.564  0.000   
    61500000  -1.262308   0.726  0.564  0.000   
    61600000  -1.355082   0.726  0.564  0.000   
    61700000  -1.180702   0.726  0.564  0.000   
    61800000  -1.222386   0.726  0.564  0.000   
    61900000  -0.976835   0.726  0.564  0.000   
    62000000  -1.053511   0.726  0.564  0.000   
    62100000  -1.351475   0.726  0.564  0.000   
    62200000  -1.183631   0.726  0.564  0.000   
    62300000  -1.258120   0.726  0.564  0.000   
    62400000  -1.121130   0.726  0.564  0.000   
    62500000  -1.262561   0.726  0.564  0.000   
    62600000  -1.154749   0.726  0.564  0.000   
    62700000  -1.155508   0.726  0.564  0.000   
    62800000  -1.159440   0.726  0.564  0.000   
    62900000  -1.064977   0.726  0.564  0.000   
    63000000  -1.280678   0.726  0.564  0.000   
    63100000  -1.180951   0.726  0.564  0.000   
    63200000  -1.163694   0.726  0.564  0.000   
    63300000  -1.359083   0.726  0.564  0.000   
    63400000  -1.308505   0.726  0.564  0.000   
    63500000  -1.239821   0.726  0.564  0.000   
    63600000  -1.283064   0.726  0.564  0.000   
    63700000  -1.189797   0.726  0.564  0.000   
    63800000  -1.202073   0.726  0.564  0.000   
    63900000  -1.012827   0.726  0.564  0.000   
    64000000  -1.094265   0.726  0.564  0.000   
    64100000  -1.104952   0.726  0.564  0.000   
    64200000  -1.309710   0.726  0.564  0.000   
    64300000  -0.919207   0.726  0.564  0.000   
    64400000  -1.329887   0.726  0.564  0.000   
    64500000  -1.369703   0.726  0.564  0.000   
    64600000  -1.295504   0.727  0.564  0.000   
    64700000  -1.078707   0.726  0.564  0.000   
    64800000  -0.999963   0.727  0.564  0.000   
    64900000  -1.104172   0.727  0.564  0.000   
    65000000  -1.306469   0.727  0.564  0.000   
    65100000  -1.218300   0.727  0.564  0.000   
    65200000  -1.173424   0.727  0.564  0.000   
    65300000  -1.035461   0.727  0.564  0.000   
    65400000  -0.998232   0.727  0.564  0.000   
    65500000  -1.358806   0.727  0.564  0.000   
    65600000  -1.399295   0.727  0.564  0.000   
    65700000  -1.242214   0.727  0.564  0.000   
    65800000  -1.227803   0.727  0.564  0.000   
    65900000  -1.349099   0.727  0.564  0.000   
    66000000  -1.263301   0.727  0.564  0.000   
    66100000  -1.133902   0.727  0.564  0.000   
    66200000  -1.143327   0.727  0.564  0.000   
    66300000  -1.292813   0.727  0.564  0.000   
    66400000  -1.343113   0.727  0.564  0.000   
    66500000  -1.269685   0.727  0.564  0.000   
    66600000  -1.217032   0.727  0.564  0.000   
    66700000  -1.263737   0.727  0.564  0.000   
    66800000  -1.158060   0.727  0.564  0.000   
    66900000  -1.282767   0.727  0.564  0.000   
    67000000  -0.848009   0.727  0.564  0.000   
    67100000  -1.156086   0.727  0.564  0.000   
    67200000  -1.004070   0.727  0.564  0.000   
    67300000  -1.094305   0.727  0.564  0.000   
    67400000  -1.325722   0.727  0.564  0.000   
    67500000  -1.073611   0.727  0.564  0.000   
    67600000  -1.292993   0.727  0.564  0.000   
    67700000  -1.078408   0.727  0.564  0.000   
    67800000  -1.178364   0.727  0.564  0.000   
    67900000  -1.182191   0.727  0.564  0.000   
    68000000  -1.014149   0.727  0.564  0.000   
    68100000  -1.180407   0.727  0.564  0.000   
    68200000  -1.310937   0.727  0.564  0.000   
    68300000  -1.140546   0.727  0.564  0.000   
    68400000  -0.968656   0.727  0.564  0.000   
    68500000  -1.162793   0.727  0.564  0.000   
    68600000  -1.159833   0.727  0.564  0.000   
    68700000  -1.155682   0.727  0.564  0.000   
    68800000  -1.268910   0.727  0.564  0.000   
    68900000  -1.306246   0.727  0.564  0.000   
    69000000  -1.137084   0.727  0.564  0.000   
    69100000  -1.006809   0.727  0.564  0.000   
    69200000  -1.246313   0.727  0.564  0.000   
    69300000  -1.103605   0.727  0.564  0.000   
    69400000  -1.210593   0.727  0.564  0.000   
    69500000  -1.285554   0.727  0.564  0.000   
    69600000  -1.140810   0.727  0.564  0.000   
    69700000  -1.261155   0.727  0.564  0.000   
    69800000  -1.058414   0.727  0.564  0.000   
    69900000  -1.352411   0.727  0.564  0.000   
    70000000  -1.242919   0.727  0.564  0.000   
    70100000  -1.099434   0.728  0.564  0.000   
    70200000  -1.300311   0.727  0.564  0.000   
    70300000  -1.094529   0.728  0.564  0.000   
    70400000  -1.175107   0.727  0.564  0.000   
    70500000  -1.336765   0.727  0.564  0.000   
    70600000  -1.253519   0.728  0.564  0.000   
    70700000  -1.221364   0.728  0.564  0.000   
    70800000  -1.210281   0.728  0.564  0.000   
    70900000  -1.134969   0.728  0.564  0.000   
    71000000  -1.211708   0.728  0.564  0.000   
    71100000  -1.165684   0.728  0.564  0.000   
    71200000  -1.306496   0.728  0.564  0.000   
    71300000  -1.270236   0.728  0.564  0.000   
    71400000  -1.032995   0.728  0.564  0.000   
    71500000  -1.067476   0.728  0.564  0.000   
    71600000  -1.387201   0.728  0.564  0.000   
    71700000  -1.188480   0.728  0.564  0.000   
    71800000  -1.036439   0.728  0.564  0.000   
    71900000  -1.370131   0.728  0.564  0.000   
    72000000  -1.060421   0.728  0.564  0.000   
    72100000  -1.229837   0.728  0.564  0.000   
    72200000  -1.115560   0.728  0.564  0.000   
    72300000  -1.188777   0.728  0.564  0.000   
    72400000  -1.345748   0.728  0.564  0.000   
    72500000  -1.028691   0.728  0.564  0.000   
    72600000  -1.185679   0.728  0.564  0.000   
    72700000  -1.075213   0.728  0.564  0.000   
    72800000  -1.147344   0.728  0.564  0.000   
    72900000  -1.113395   0.728  0.564  0.000   
    73000000  -1.175285   0.728  0.564  0.000   
    73100000  -1.070491   0.728  0.564  0.000   
    73200000  -0.971332   0.728  0.564  0.000   
    73300000  -1.183513   0.728  0.564  0.000   
    73400000  -1.180263   0.728  0.564  0.000   
    73500000  -1.166522   0.728  0.564  0.000   
    73600000  -1.311987   0.728  0.564  0.000   
    73700000  -1.132591   0.728  0.564  0.000   
    73800000  -1.320481   0.728  0.564  0.000   
    73900000  -1.217786   0.728  0.564  0.000   
    74000000  -1.176589   0.728  0.564  0.000   
    74100000  -0.949717   0.728  0.564  0.000   
    74200000  -1.227185   0.728  0.564  0.000   
    74300000  -0.952918   0.728  0.564  0.000   
    74400000  -1.231297   0.728  0.564  0.000   
    74500000  -1.185073   0.728  0.564  0.000   
    74600000  -1.227281   0.728  0.564  0.000   
    74700000  -1.167621   0.728  0.564  0.000   
    74800000  -1.196603   0.728  0.564  0.000   
    74900000  -1.305622   0.728  0.564  0.000   
    75000000  -1.274929   0.728  0.564  0.000   
    75100000  -1.232981   0.728  0.564  0.000   
    75200000  -0.772030   0.728  0.564  0.000   
    75300000  -0.531201   0.727  0.564  0.000   
    75400000  -0.543838   0.727  0.564  0.000   
    75500000  -0.767895   0.727  0.564  0.000   
    75600000  -0.403323   0.726  0.564  0.000   
    75700000  -0.408509   0.726  0.564  0.000   
    75800000  -1.241779   0.726  0.564  0.000   
    75900000  -1.114619   0.726  0.564  0.000   
    76000000  -1.241477   0.726  0.564  0.000   
    76100000  -1.253088   0.726  0.564  0.000   
    76200000  -1.177077   0.726  0.564  0.000   
    76300000  -1.230366   0.726  0.564  0.000   
    76400000  -1.314263   0.726  0.564  0.000   
    76500000  -1.203380   0.726  0.564  0.000   
    76600000  -1.175237   0.726  0.564  0.000   
    76700000  -1.115243   0.726  0.564  0.000   
    76800000  -1.280305   0.726  0.564  0.000   
    76900000  -1.302677   0.726  0.564  0.000   
    77000000  -1.126867   0.726  0.564  0.000   
    77100000  -1.254234   0.726  0.564  0.000   
    77200000  -1.180258   0.726  0.564  0.000   
    77300000  -1.184972   0.726  0.564  0.000   
    77400000  -1.087587   0.726  0.564  0.000   
    77500000  -1.276680   0.726  0.564  0.000   
    77600000  -1.131361   0.726  0.564  0.000   
    77700000  -1.241459   0.726  0.564  0.000   
    77800000  -1.271698   0.726  0.564  0.000   
    77900000  -1.111408   0.726  0.564  0.000   
    78000000  -1.104187   0.726  0.564  0.000   
    78100000  -1.171941   0.726  0.564  0.000   
    78200000  -1.131109   0.726  0.564  0.000   
    78300000  -0.880800   0.726  0.564  0.000   
    78400000  -1.117964   0.726  0.564  0.000   
    78500000  -1.107962   0.726  0.564  0.000   
    78600000  -1.207406   0.726  0.564  0.000   
    78700000  -0.979466   0.726  0.564  0.000   
    78800000  -1.244754   0.726  0.564  0.000   
    78900000  -1.204274   0.726  0.564  0.000   
    79000000  -1.307842   0.726  0.564  0.000   
    79100000  -1.223831   0.726  0.564  0.000   
    79200000  -1.189207   0.726  0.564  0.000   
    79300000  -1.357561   0.726  0.564  0.000   
    79400000  -1.147312   0.726  0.564  0.000   
    79500000  -1.174229   0.726  0.564  0.000   
    79600000  -0.667414   0.726  0.564  0.000   
    79700000  -0.641158   0.726  0.564  0.000   
    79800000  -0.737645   0.725  0.564  0.000   
    79900000  -0.593258   0.725  0.564  0.000   
    80000000  -0.604488   0.724  0.564  0.000   
    80100000  -0.509743   0.724  0.564  0.000   
    80200000  -0.581472   0.724  0.565  0.000   
    80300000  -0.626577   0.723  0.565  0.000   
    80400000  -0.725062   0.723  0.565  0.000   
    80500000  -0.472534   0.723  0.565  0.000   
    80600000  -0.829578   0.722  0.565  0.000   
    80700000  -0.322244   0.722  0.565  0.000   
    80800000  -0.526372   0.721  0.565  0.000   
    80900000  -0.631323   0.721  0.565  0.000   
    81000000  -0.611365   0.721  0.565  0.000   
    81100000  -0.485110   0.720  0.565  0.000   
    81200000  -1.281868   0.720  0.565  0.000   
    81300000  -1.286210   0.720  0.565  0.000   
    81400000  -1.312775   0.720  0.565  0.000   
    81500000  -1.271678   0.720  0.565  0.000   
    81600000  -1.105053   0.720  0.565  0.000   
    81700000  -1.049084   0.720  0.565  0.000   
    81800000  -1.102944   0.720  0.565  0.000   
    81900000  -1.243900   0.720  0.565  0.000   
    82000000  -1.215113   0.720  0.565  0.000   
    82100000  -1.255721   0.720  0.565  0.000   
    82200000  -1.192139   0.720  0.565  0.000   
    82300000  -1.263403   0.720  0.565  0.000   
    82400000  -1.299717   0.720  0.565  0.000   
    82500000  -1.294501   0.720  0.565  0.000   
    82600000  -1.215608   0.720  0.565  0.000   
    82700000  -1.277128   0.720  0.565  0.000   
    82800000  -1.242930   0.720  0.565  0.000   
    82900000  -1.302747   0.720  0.565  0.000   
    83000000  -1.259211   0.720  0.565  0.000   
    83100000  -1.207631   0.720  0.565  0.000   
    83200000  -1.167442   0.720  0.565  0.000   
    83300000  -1.066476   0.720  0.565  0.000   
    83400000  -1.240404   0.720  0.565  0.000   
    83500000  -0.989323   0.720  0.565  0.000   
    83600000  -1.261076   0.720  0.565  0.000   
    83700000  -1.096627   0.720  0.565  0.000   
    83800000  -1.356625   0.720  0.565  0.000   
    83900000  -1.287654   0.721  0.565  0.000   
    84000000  -1.155857   0.721  0.565  0.000   
    84100000  -1.270125   0.721  0.565  0.000   
    84200000  -1.152066   0.721  0.565  0.000   
    84300000  -1.222656   0.721  0.565  0.000   
    84400000  -1.149686   0.721  0.565  0.000   
    84500000  -1.186754   0.721  0.565  0.000   
    84600000  -1.288002   0.721  0.565  0.000   
    84700000  -1.090203   0.721  0.565  0.000   
    84800000  -1.049923   0.721  0.565  0.000   
    84900000  -1.189795   0.721  0.565  0.000   
    85000000  -1.285620   0.721  0.565  0.000   
    85100000  -0.955528   0.721  0.565  0.000   
    85200000  -1.145880   0.721  0.565  0.000   
    85300000  -1.123361   0.721  0.565  0.000   
    85400000  -1.310029   0.721  0.565  0.000   
    85500000  -1.032761   0.721  0.565  0.000   
    85600000  -1.006088   0.721  0.565  0.000   
    85700000  -1.194254   0.721  0.565  0.000   
    85800000  -1.290401   0.721  0.565  0.000   
    85900000  -1.202216   0.721  0.565  0.000   
    86000000  -1.311984   0.721  0.565  0.000   
    86100000  -1.390262   0.721  0.565  0.000   
    86200000  -1.145315   0.721  0.565  0.000   
    86300000  -1.312561   0.721  0.565  0.000   
    86400000  -1.262114   0.721  0.565  0.000   
    86500000  -1.180954   0.721  0.565  0.000   
    86600000  -1.156009   0.721  0.565  0.000   
    86700000  -1.088692   0.721  0.565  0.000   
    86800000  -0.968607   0.721  0.565  0.000   
    86900000  -1.267977   0.721  0.565  0.000   
    87000000  -1.151102   0.721  0.565  0.000   
    87100000  -1.175140   0.721  0.565  0.000   
    87200000  -1.224000   0.721  0.565  0.000   
    87300000  -1.178142   0.721  0.565  0.000   
    87400000  -1.276702   0.721  0.565  0.000   
    87500000  -1.319132   0.721  0.565  0.000   
    87600000  -0.972764   0.721  0.565  0.000   
    87700000  -1.197935   0.721  0.565  0.000   
    87800000  -1.294212   0.721  0.565  0.000   
    87900000  -0.987869   0.721  0.565  0.000   
    88000000  -1.315034   0.721  0.565  0.000   
    88100000  -1.206138   0.721  0.565  0.000   
    88200000  -1.188599   0.721  0.565  0.000   
    88300000  -1.118691   0.721  0.565  0.000   
    88400000  -1.033830   0.721  0.565  0.000   
    88500000  -1.147820   0.721  0.565  0.000   
    88600000  -1.148930   0.721  0.565  0.000   
    88700000  -1.298879   0.721  0.565  0.000   
    88800000  -1.238123   0.721  0.565  0.000   
    88900000  -1.223941   0.721  0.565  0.000   
    89000000  -1.215687   0.721  0.565  0.000   
    89100000  -0.987784   0.721  0.565  0.000   
    89200000  -1.221155   0.721  0.565  0.000   
    89300000  -1.168069   0.721  0.565  0.000   
    89400000  -1.273712   0.721  0.565  0.000   
    89500000  -1.128226   0.721  0.565  0.000   
    89600000  -1.215364   0.721  0.565  0.000   
    89700000  -1.164535   0.721  0.565  0.000   
    89800000  -1.078849   0.721  0.565  0.000   
    89900000  -1.171151   0.721  0.565  0.000   
    90000000  -1.225763   0.721  0.565  0.000   
    90100000  -1.321698   0.721  0.565  0.000   
    90200000  -1.189347   0.721  0.565  0.000   
    90300000  -1.225827   0.721  0.565  0.000   
    90400000  -1.128468   0.721  0.565  0.000   
    90500000  -1.014868   0.721  0.565  0.000   
    90600000  -1.101115   0.721  0.565  0.000   
    90700000  -1.326860   0.721  0.565  0.000   
    90800000  -1.196809   0.721  0.565  0.000   
    90900000  -1.311326   0.721  0.565  0.000   
    91000000  -1.063166   0.721  0.565  0.000   
    91100000  -1.202917   0.721  0.565  0.000   
    91200000  -1.231185   0.721  0.565  0.000   
    91300000  -1.270975   0.721  0.565  0.000   
    91400000  -1.196233   0.721  0.565  0.000   
    91500000  -1.168946   0.721  0.565  0.000   
    91600000  -1.106157   0.721  0.565  0.000   
    91700000  -1.142746   0.722  0.565  0.000   
    91800000  -1.201288   0.722  0.565  0.000   
    91900000  -1.289620   0.722  0.565  0.000   
    92000000  -1.206132   0.722  0.565  0.000   
    92100000  -1.096272   0.722  0.565  0.000   
    92200000  -1.199349   0.721  0.565  0.000   
    92300000  -1.286952   0.721  0.565  0.000   
    92400000  -1.284756   0.722  0.565  0.000   
    92500000  -1.217749   0.722  0.565  0.000   
    92600000  -1.302204   0.722  0.565  0.000   
    92700000  -0.949256   0.722  0.565  0.000   
    92800000  -1.346093   0.722  0.565  0.000   
    92900000  -1.035980   0.722  0.565  0.000   
    93000000  -1.271215   0.722  0.565  0.000   
    93100000  -1.302662   0.722  0.565  0.000   
    93200000  -1.265225   0.722  0.565  0.000   
    93300000  -1.166525   0.722  0.565  0.000   
    93400000  -1.301149   0.722  0.565  0.000   
    93500000  -1.189640   0.722  0.565  0.000   
    93600000  -1.099419   0.722  0.565  0.000   
    93700000  -1.089866   0.722  0.565  0.000   
    93800000  -1.280111   0.722  0.565  0.000   
    93900000  -1.118989   0.722  0.565  0.000   
    94000000  -1.065134   0.722  0.565  0.000   
    94100000  -1.145720   0.722  0.565  0.000   
    94200000  -1.273061   0.722  0.565  0.000   
    94300000  -1.318625   0.722  0.565  0.000   
    94400000  -1.192013   0.722  0.565  0.000   
    94500000  -1.153464   0.722  0.565  0.000   
    94600000  -1.121522   0.722  0.565  0.000   
    94700000  -1.276462   0.722  0.565  0.000   
    94800000  -1.309901   0.722  0.565  0.000   
    94900000  -1.246598   0.722  0.565  0.000   
    95000000  -1.221118   0.722  0.565  0.000   
    95100000  -1.155043   0.722  0.565  0.000   
    95200000  -1.158473   0.722  0.565  0.000   
    95300000  -1.187962   0.722  0.565  0.000   
    95400000  -1.094232   0.722  0.565  0.000   
    95500000  -1.149895   0.722  0.565  0.000   
    95600000  -1.345759   0.722  0.565  0.000   
    95700000  -1.238812   0.722  0.565  0.000   
    95800000  -0.682120   0.722  0.565  0.000   
    95900000  -0.751557   0.722  0.565  0.000   
    96000000  -0.262040   0.721  0.565  0.000   
    96100000  -0.863934   0.721  0.565  0.000   
    96200000  -0.439139   0.721  0.565  0.000   
    96300000  -0.601967   0.721  0.565  0.000   
    96400000  -0.435241   0.720  0.565  0.000   
    96500000  -0.523171   0.720  0.565  0.000   
    96600000  -0.999364   0.720  0.565  0.000   
    96700000  -0.582225   0.719  0.565  0.000   
    96800000  -0.536987   0.719  0.565  0.000   
    96900000  -0.877992   0.719  0.565  0.000   
    97000000  -0.746083   0.718  0.565  0.000   
    97100000  -0.645197   0.718  0.565  0.000   
    97200000  -0.643584   0.718  0.565  0.000   
    97300000  -0.483207   0.718  0.565  0.000   
    97400000  -0.675296   0.717  0.565  0.000   
    97500000  -0.389462   0.717  0.565  0.000   
    97600000  -0.597809   0.717  0.565  0.000   
    97700000  -0.667506   0.716  0.565  0.000   
    97800000  -0.482648   0.716  0.565  0.000   
    97900000  -0.583146   0.716  0.565  0.000   
    98000000  -0.715635   0.715  0.565  0.000   
    98100000  -0.806060   0.715  0.565  0.000   
    98200000  -0.512761   0.715  0.566  0.000   
    98300000  -0.777591   0.715  0.566  0.000   
    98400000  -0.372782   0.714  0.566  0.000   
    98500000  -0.413355   0.714  0.566  0.000   
    98600000  -0.549133   0.714  0.566  0.000   
    98700000  -0.525427   0.713  0.566  0.000   
    98800000  -0.449975   0.713  0.566  0.000   
    98900000  -0.740035   0.713  0.566  0.000   
    99000000  -0.402863   0.712  0.566  0.000   
    99100000  -0.502099   0.712  0.566  0.000   
    99200000  -0.758418   0.712  0.566  0.000   
    99300000  -0.763564   0.712  0.566  0.000   
    99400000  -0.277882   0.711  0.566  0.000   
    99500000  -0.467299   0.711  0.566  0.000   
    99600000  -0.628434   0.711  0.566  0.000   
    99700000  -0.936979   0.710  0.566  0.000   
    99800000  -0.636660   0.710  0.566  0.000   
    99900000  -0.496472   0.710  0.566  0.000   
   100000000  -0.547208   0.710  0.566  0.000   
