           0  -0.365026   0.000  0.000  0.000   
      100000  -0.648812   0.389  0.611  0.000   
      200000  -0.325883   0.391  0.609  0.000   
      300000  -0.426893   0.399  0.607  0.000   
      400000  -0.438186   0.396  0.607  0.000   
      500000  -0.593756   0.396  0.607  0.000   
      600000  -0.929188   0.398  0.606  0.000   
      700000  -0.632337   0.399  0.606  0.000   
      800000  -0.621294   0.398  0.605  0.000   
      900000  -0.323840   0.401  0.604  0.000   
     1000000  -1.116874   0.403  0.603  0.000   
     1100000  -1.097120   0.426  0.598  0.000   
     1200000  -1.157850   0.445  0.594  0.000   
     1300000  -0.946229   0.470  0.592  0.000   
     1400000  -1.217603   0.483  0.589  0.000   
     1500000  -1.248885   0.501  0.588  0.000   
     1600000  -1.154768   0.517  0.586  0.000   
     1700000  -1.236950   0.527  0.585  0.000   
     1800000  -1.008287   0.537  0.583  0.000   
     1900000  -1.188708   0.546  0.582  0.000   
     2000000  -1.226712   0.553  0.580  0.000   
     2100000  -1.188386   0.560  0.579  0.000   
     2200000  -1.146419   0.565  0.578  0.000   
     2300000  -1.241251   0.571  0.577  0.000   
     2400000  -0.863630   0.570  0.577  0.000   
     2500000  -1.123507   0.572  0.576  0.000   
     2600000  -1.050211   0.576  0.575  0.000   
     2700000  -0.477820   0.575  0.574  0.000   
     2800000  -0.562167   0.568  0.575  0.000   
     2900000  -0.430374   0.563  0.576  0.000   
     3000000  -0.497216   0.558  0.577  0.000   
     3100000  -0.416482   0.553  0.578  0.000   
     3200000  -0.633711   0.548  0.579  0.000   
     3300000  -0.556096   0.544  0.579  0.000   
     3400000  -0.603396   0.540  0.580  0.000   
     3500000  -0.717335   0.536  0.581  0.000   
     3600000  -0.595428   0.533  0.581  0.000   
     3700000  -0.558479   0.530  0.582  0.000   
     3800000  -0.611367   0.526  0.583  0.000   
     3900000  -1.192078   0.525  0.583  0.000   
     4000000  -0.932848   0.529  0.582  0.000   
     4100000  -1.146291   0.534  0.582  0.000   
     4200000  -1.230400   0.538  0.581  0.000   
     4300000  -0.366187   0.537  0.581  0.000   
     4400000  -0.362580   0.533  0.582  0.000   
     4500000  -0.363475   0.531  0.583  0.000   
     4600000  -0.476469   0.528  0.583  0.000   
     4700000  -0.706019   0.525  0.583  0.000   
     4800000  -0.518636   0.523  0.584  0.000   
     4900000  -0.565048   0.520  0.584  0.000   
     5000000  -0.423024   0.518  0.585  0.000   
     5100000  -0.724693   0.515  0.585  0.000   
     5200000  -0.491233   0.513  0.585  0.000   
     5300000  -0.793703   0.512  0.586  0.000   
     5400000  -0.538663   0.509  0.586  0.000   
     5500000  -0.514550   0.507  0.586  0.000   
     5600000  -0.378702   0.505  0.587  0.000   
     5700000  -0.717365   0.504  0.587  0.000   
     5800000  -0.661855   0.502  0.587  0.000   
     5900000  -0.586228   0.500  0.588  0.000   
     6000000  -1.036003   0.501  0.588  0.000   
     6100000  -1.224660   0.505  0.587  0.000   
     6200000  -1.159487   0.509  0.587  0.000   
     6300000  -1.327362   0.513  0.586  0.000   
     6400000  -1.278911   0.515  0.586  0.000   
     6500000  -1.033184   0.519  0.586  0.000   
     6600000  -1.231964   0.521  0.585  0.000   
     6700000  -1.079422   0.524  0.585  0.000   
     6800000  -1.264828   0.527  0.584  0.000   
     6900000  -1.176946   0.530  0.584  0.000   
     7000000  -1.009495   0.533  0.584  0.000   
     7100000  -1.154879   0.536  0.583  0.000   
     7200000  -1.206488   0.539  0.583  0.000   
     7300000  -1.132491   0.541  0.583  0.000   
     7400000  -0.975142   0.543  0.582  0.000   
     7500000  -1.183637   0.546  0.582  0.000   
     7600000  -1.049786   0.548  0.582  0.000   
     7700000  -1.217568   0.550  0.582  0.000   
     7800000  -1.329718   0.552  0.581  0.000   
     7900000  -1.194396   0.555  0.581  0.000   
     8000000  -0.749109   0.556  0.581  0.000   
     8100000  -1.124485   0.558  0.581  0.000   
     8200000  -1.208402   0.560  0.580  0.000   
     8300000  -1.203676   0.562  0.580  0.000   
     8400000  -1.051785   0.564  0.580  0.000   
     8500000  -0.888530   0.566  0.580  0.000   
     8600000  -0.959209   0.568  0.579  0.000   
     8700000  -1.172507   0.569  0.579  0.000   
     8800000  -1.199566   0.572  0.579  0.000   
     8900000  -1.231175   0.574  0.579  0.000   
     9000000  -1.005330   0.576  0.579  0.000   
     9100000  -0.902573   0.577  0.578  0.000   
     9200000  -0.966079   0.577  0.578  0.000   
     9300000  -0.993565   0.578  0.578  0.000   
     9400000  -1.347230   0.579  0.578  0.000   
     9500000  -0.923928   0.580  0.577  0.000   
     9600000  -1.239572   0.581  0.577  0.000   
     9700000  -1.195981   0.582  0.577  0.000   
     9800000  -1.132716   0.583  0.577  0.000   
     9900000  -0.930033   0.584  0.576  0.000   
    10000000  -1.288251   0.586  0.576  0.000   
    10100000  -1.082820   0.587  0.576  0.000   
    10200000  -1.017058   0.589  0.576  0.000   
    10300000  -1.326024   0.590  0.576  0.000   
    10400000  -0.850299   0.589  0.576  0.000   
    10500000  -0.677533   0.587  0.576  0.000   
    10600000  -0.619334   0.585  0.577  0.000   
    10700000  -0.577585   0.583  0.577  0.000   
    10800000  -0.615585   0.582  0.577  0.000   
    10900000  -0.504840   0.580  0.577  0.000   
    11000000  -0.539835   0.578  0.578  0.000   
    11100000  -0.512252   0.577  0.578  0.000   
    11200000  -0.674965   0.575  0.578  0.000   
    11300000  -0.348360   0.574  0.578  0.000   
    11400000  -0.536491   0.572  0.579  0.000   
    11500000  -0.622633   0.570  0.579  0.000   
    11600000  -0.786945   0.569  0.579  0.000   
    11700000  -0.389671   0.568  0.579  0.000   
    11800000  -1.216622   0.567  0.579  0.000   
    11900000  -1.219817   0.569  0.579  0.000   
    12000000  -1.083697   0.570  0.579  0.000   
    12100000  -1.067778   0.571  0.579  0.000   
    12200000  -0.710581   0.572  0.579  0.000   
    12300000  -0.469085   0.570  0.579  0.000   
    12400000  -0.418167   0.569  0.579  0.000   
    12500000  -0.896825   0.568  0.580  0.000   
    12600000  -0.588250   0.567  0.580  0.000   
    12700000  -0.401099   0.565  0.580  0.000   
    12800000  -0.711319   0.564  0.580  0.000   
    12900000  -0.401534   0.563  0.580  0.000   
    13000000  -0.672675   0.562  0.580  0.000   
    13100000  -0.472947   0.561  0.581  0.000   
    13200000  -0.512046   0.559  0.581  0.000   
    13300000  -0.630169   0.558  0.581  0.000   
    13400000  -0.668378   0.557  0.581  0.000   
    13500000  -0.504889   0.556  0.581  0.000   
    13600000  -0.769204   0.555  0.581  0.000   
    13700000  -0.500702   0.554  0.582  0.000   
    13800000  -0.599851   0.553  0.582  0.000   
    13900000  -0.356025   0.552  0.582  0.000   
    14000000  -0.398326   0.551  0.582  0.000   
    14100000  -0.451773   0.550  0.582  0.000   
    14200000  -0.678449   0.549  0.582  0.000   
    14300000  -0.244149   0.548  0.582  0.000   
    14400000  -0.436790   0.547  0.583  0.000   
    14500000  -0.421516   0.546  0.583  0.000   
    14600000  -0.457124   0.545  0.583  0.000   
    14700000  -0.522352   0.544  0.583  0.000   
    14800000  -0.392605   0.543  0.583  0.000   
    14900000  -0.453865   0.542  0.583  0.000   
    15000000  -0.691515   0.541  0.584  0.000   
    15100000  -0.513604   0.540  0.584  0.000   
    15200000  -0.612603   0.539  0.584  0.000   
    15300000  -0.633104   0.538  0.584  0.000   
    15400000  -0.533316   0.537  0.584  0.000   
    15500000  -1.017162   0.538  0.584  0.000   
    15600000  -1.158511   0.538  0.584  0.000   
    15700000  -1.069335   0.539  0.584  0.000   
    15800000  -0.748520   0.540  0.584  0.000   
    15900000  -0.496898   0.539  0.584  0.000   
    16000000  -0.512444   0.538  0.584  0.000   
    16100000  -0.411178   0.537  0.584  0.000   
    16200000  -0.570421   0.536  0.584  0.000   
    16300000  -1.190140   0.536  0.584  0.000   
    16400000  -0.910212   0.537  0.584  0.000   
    16500000  -1.144289   0.538  0.584  0.000   
    16600000  -1.102011   0.539  0.584  0.000   
    16700000  -1.100055   0.540  0.584  0.000   
    16800000  -1.123125   0.541  0.583  0.000   
    16900000  -1.135937   0.542  0.583  0.000   
    17000000  -1.306546   0.543  0.583  0.000   
    17100000  -1.114373   0.544  0.583  0.000   
    17200000  -1.035474   0.545  0.583  0.000   
    17300000  -0.917540   0.546  0.583  0.000   
    17400000  -0.472834   0.546  0.583  0.000   
    17500000  -0.336681   0.546  0.583  0.000   
    17600000  -0.689402   0.545  0.583  0.000   
    17700000  -0.633345   0.544  0.583  0.000   
    17800000  -0.643351   0.543  0.583  0.000   
    17900000  -0.563741   0.542  0.583  0.000   
    18000000  -0.468090   0.542  0.583  0.000   
    18100000  -0.602638   0.541  0.584  0.000   
    18200000  -0.695271   0.540  0.584  0.000   
    18300000  -0.676138   0.539  0.584  0.000   
    18400000  -0.328157   0.539  0.584  0.000   
    18500000  -0.330967   0.538  0.584  0.000   
    18600000  -0.414400   0.537  0.584  0.000   
    18700000  -0.712453   0.536  0.584  0.000   
    18800000  -0.500926   0.536  0.584  0.000   
    18900000  -0.571415   0.535  0.584  0.000   
    19000000  -0.484414   0.534  0.585  0.000   
    19100000  -0.899221   0.534  0.585  0.000   
    19200000  -0.654663   0.533  0.585  0.000   
    19300000  -0.354609   0.532  0.585  0.000   
    19400000  -0.577333   0.531  0.585  0.000   
    19500000  -0.651704   0.531  0.585  0.000   
    19600000  -0.808094   0.530  0.585  0.000   
    19700000  -0.395395   0.530  0.585  0.000   
    19800000  -1.026464   0.530  0.585  0.000   
    19900000  -1.009923   0.531  0.585  0.000   
    20000000  -1.050107   0.532  0.585  0.000   
    20100000  -1.030699   0.532  0.585  0.000   
    20200000  -1.212972   0.533  0.585  0.000   
    20300000  -1.254294   0.534  0.584  0.000   
    20400000  -1.218094   0.535  0.584  0.000   
    20500000  -1.048487   0.536  0.584  0.000   
    20600000  -1.151185   0.537  0.584  0.000   
    20700000  -1.162860   0.538  0.584  0.000   
    20800000  -1.326615   0.539  0.584  0.000   
    20900000  -1.313249   0.539  0.584  0.000   
    21000000  -1.145548   0.540  0.584  0.000   
    21100000  -1.245394   0.541  0.584  0.000   
    21200000  -0.946936   0.542  0.583  0.000   
    21300000  -0.957036   0.543  0.583  0.000   
    21400000  -1.052444   0.544  0.583  0.000   
    21500000  -1.137626   0.545  0.583  0.000   
    21600000  -1.233102   0.546  0.583  0.000   
    21700000  -1.166898   0.546  0.583  0.000   
    21800000  -1.199439   0.547  0.583  0.000   
    21900000  -1.277550   0.548  0.583  0.000   
    22000000  -1.294758   0.549  0.583  0.000   
    22100000  -1.326030   0.550  0.582  0.000   
    22200000  -0.513947   0.549  0.583  0.000   
    22300000  -0.639282   0.549  0.583  0.000   
    22400000  -0.661728   0.548  0.583  0.000   
    22500000  -0.443404   0.547  0.583  0.000   
    22600000  -0.469928   0.547  0.583  0.000   
    22700000  -0.518045   0.546  0.583  0.000   
    22800000  -0.694771   0.545  0.583  0.000   
    22900000  -0.658401   0.545  0.583  0.000   
    23000000  -0.646441   0.544  0.583  0.000   
    23100000  -0.327045   0.544  0.583  0.000   
    23200000  -0.503813   0.543  0.583  0.000   
    23300000  -0.533224   0.542  0.584  0.000   
    23400000  -0.858880   0.542  0.584  0.000   
    23500000  -0.236988   0.541  0.584  0.000   
    23600000  -0.385410   0.541  0.584  0.000   
    23700000  -0.256634   0.540  0.584  0.000   
    23800000  -0.593143   0.539  0.584  0.000   
    23900000  -0.474961   0.539  0.584  0.000   
    24000000  -0.796741   0.538  0.584  0.000   
    24100000  -1.169011   0.538  0.584  0.000   
    24200000  -1.218473   0.539  0.584  0.000   
    24300000  -1.227349   0.540  0.584  0.000   
    24400000  -0.785233   0.541  0.584  0.000   
    24500000  -1.067002   0.541  0.584  0.000   
    24600000  -1.169194   0.542  0.584  0.000   
    24700000  -1.257185   0.542  0.584  0.000   
    24800000  -1.187445   0.543  0.584  0.000   
    24900000  -1.275916   0.544  0.583  0.000   
    25000000  -0.960213   0.545  0.583  0.000   
    25100000  -0.984714   0.545  0.583  0.000   
    25200000  -1.171013   0.546  0.583  0.000   
    25300000  -1.260734   0.546  0.583  0.000   
    25400000  -1.114140   0.547  0.583  0.000   
    25500000  -1.164562   0.548  0.583  0.000   
    25600000  -1.035301   0.548  0.583  0.000   
    25700000  -1.008540   0.549  0.583  0.000   
    25800000  -0.398148   0.549  0.583  0.000   
    25900000  -0.641195   0.549  0.583  0.000   
    26000000  -0.641410   0.548  0.583  0.000   
    26100000  -0.684597   0.548  0.583  0.000   
    26200000  -0.216152   0.547  0.583  0.000   
    26300000  -0.471177   0.547  0.583  0.000   
    26400000  -0.572332   0.546  0.583  0.000   
    26500000  -0.770608   0.546  0.583  0.000   
    26600000  -1.245483   0.546  0.583  0.000   
    26700000  -1.026659   0.547  0.583  0.000   
    26800000  -1.233358   0.548  0.583  0.000   
    26900000  -1.007867   0.549  0.583  0.000   
    27000000  -1.198569   0.549  0.583  0.000   
    27100000  -1.290189   0.550  0.583  0.000   
    27200000  -1.155141   0.550  0.583  0.000   
    27300000  -1.155787   0.551  0.583  0.000   
    27400000  -1.093878   0.552  0.582  0.000   
    27500000  -1.001652   0.552  0.582  0.000   
    27600000  -1.043510   0.553  0.582  0.000   
    27700000  -1.249666   0.553  0.582  0.000   
    27800000  -1.239578   0.554  0.582  0.000   
    27900000  -1.289405   0.554  0.582  0.000   
    28000000  -1.209545   0.555  0.582  0.000   
    28100000  -1.211319   0.556  0.582  0.000   
    28200000  -1.208238   0.556  0.582  0.000   
    28300000  -0.897491   0.557  0.582  0.000   
    28400000  -1.035109   0.558  0.582  0.000   
    28500000  -0.900761   0.558  0.582  0.000   
    28600000  -1.072751   0.559  0.581  0.000   
    28700000  -0.345537   0.558  0.581  0.000   
    28800000  -0.439481   0.558  0.582  0.000   
    28900000  -0.496979   0.557  0.582  0.000   
    29000000  -0.656942   0.557  0.582  0.000   
    29100000  -1.200548   0.557  0.582  0.000   
    29200000  -1.095218   0.558  0.582  0.000   
    29300000  -1.128034   0.558  0.582  0.000   
    29400000  -1.237099   0.559  0.581  0.000   
    29500000  -1.242472   0.559  0.581  0.000   
    29600000  -1.185466   0.560  0.581  0.000   
    29700000  -1.150565   0.560  0.581  0.000   
    29800000  -1.155686   0.561  0.581  0.000   
    29900000  -1.031356   0.561  0.581  0.000   
    30000000  -0.545550   0.562  0.581  0.000   
    30100000  -0.670931   0.561  0.581  0.000   
    30200000  -0.572306   0.560  0.581  0.000   
    30300000  -0.523342   0.560  0.581  0.000   
    30400000  -0.623559   0.559  0.581  0.000   
    30500000  -0.471104   0.559  0.581  0.000   
    30600000  -0.548309   0.558  0.581  0.000   
    30700000  -0.604854   0.558  0.582  0.000   
    30800000  -0.523414   0.557  0.582  0.000   
    30900000  -1.078444   0.558  0.582  0.000   
    31000000  -0.659546   0.558  0.581  0.000   
    31100000  -0.437961   0.557  0.582  0.000   
    31200000  -0.635381   0.557  0.582  0.000   
    31300000  -0.491937   0.556  0.582  0.000   
    31400000  -0.495729   0.556  0.582  0.000   
    31500000  -0.654555   0.555  0.582  0.000   
    31600000  -0.397389   0.555  0.582  0.000   
    31700000  -0.460752   0.554  0.582  0.000   
    31800000  -0.473208   0.554  0.582  0.000   
    31900000  -0.765473   0.553  0.582  0.000   
    32000000  -0.574187   0.553  0.582  0.000   
    32100000  -0.427724   0.552  0.582  0.000   
    32200000  -0.591594   0.552  0.582  0.000   
    32300000  -0.644129   0.551  0.582  0.000   
    32400000  -0.700996   0.551  0.583  0.000   
    32500000  -0.564183   0.551  0.583  0.000   
    32600000  -0.516172   0.550  0.583  0.000   
    32700000  -1.163995   0.551  0.583  0.000   
    32800000  -0.742070   0.551  0.583  0.000   
    32900000  -1.070197   0.551  0.582  0.000   
    33000000  -1.016587   0.552  0.582  0.000   
    33100000  -1.228400   0.552  0.582  0.000   
    33200000  -1.122007   0.553  0.582  0.000   
    33300000  -1.104149   0.553  0.582  0.000   
    33400000  -1.193827   0.554  0.582  0.000   
    33500000  -1.130848   0.554  0.582  0.000   
    33600000  -1.169117   0.555  0.582  0.000   
    33700000  -0.856244   0.555  0.582  0.000   
    33800000  -0.965588   0.555  0.582  0.000   
    33900000  -1.126362   0.556  0.582  0.000   
    34000000  -0.371400   0.555  0.582  0.000   
    34100000  -0.615683   0.555  0.582  0.000   
    34200000  -0.631642   0.554  0.582  0.000   
    34300000  -0.478283   0.554  0.582  0.000   
    34400000  -0.556866   0.553  0.582  0.000   
    34500000  -0.491850   0.553  0.582  0.000   
    34600000  -0.399798   0.553  0.582  0.000   
    34700000  -0.112740   0.552  0.582  0.000   
    34800000  -0.548074   0.552  0.582  0.000   
    34900000  -0.443852   0.551  0.582  0.000   
    35000000  -0.469545   0.551  0.582  0.000   
    35100000  -0.794411   0.550  0.582  0.000   
    35200000  -0.808990   0.550  0.583  0.000   
    35300000  -0.526752   0.550  0.583  0.000   
    35400000  -0.685062   0.549  0.583  0.000   
    35500000  -0.626514   0.549  0.583  0.000   
    35600000  -0.557050   0.548  0.583  0.000   
    35700000  -0.416373   0.548  0.583  0.000   
    35800000  -0.803974   0.548  0.583  0.000   
    35900000  -0.724260   0.547  0.583  0.000   
    36000000  -0.422345   0.547  0.583  0.000   
    36100000  -0.584063   0.546  0.583  0.000   
    36200000  -0.701900   0.546  0.583  0.000   
    36300000  -0.565640   0.546  0.583  0.000   
    36400000  -0.714491   0.545  0.583  0.000   
    36500000  -0.776678   0.545  0.583  0.000   
    36600000  -0.650129   0.544  0.583  0.000   
    36700000  -0.598646   0.544  0.583  0.000   
    36800000  -0.581182   0.544  0.583  0.000   
    36900000  -0.832892   0.543  0.583  0.000   
    37000000  -0.389414   0.543  0.584  0.000   
    37100000  -0.664462   0.542  0.584  0.000   
    37200000  -0.759761   0.542  0.584  0.000   
    37300000  -0.743091   0.542  0.584  0.000   
    37400000  -0.505288   0.541  0.584  0.000   
    37500000  -0.534128   0.541  0.584  0.000   
    37600000  -0.449080   0.541  0.584  0.000   
    37700000  -0.477110   0.540  0.584  0.000   
    37800000  -0.654801   0.540  0.584  0.000   
    37900000  -0.613027   0.540  0.584  0.000   
    38000000  -0.390398   0.539  0.584  0.000   
    38100000  -0.815047   0.539  0.584  0.000   
    38200000  -0.751134   0.539  0.584  0.000   
    38300000  -0.371481   0.538  0.584  0.000   
    38400000  -0.265083   0.538  0.584  0.000   
    38500000  -0.621176   0.538  0.584  0.000   
    38600000  -0.347055   0.537  0.584  0.000   
    38700000  -0.301130   0.537  0.584  0.000   
    38800000  -0.571380   0.536  0.585  0.000   
    38900000  -0.608458   0.536  0.585  0.000   
    39000000  -0.566723   0.536  0.585  0.000   
    39100000  -0.535452   0.535  0.585  0.000   
    39200000  -0.585605   0.535  0.585  0.000   
    39300000  -0.696822   0.535  0.585  0.000   
    39400000  -0.722221   0.534  0.585  0.000   
    39500000  -0.678162   0.534  0.585  0.000   
    39600000  -0.487221   0.534  0.585  0.000   
    39700000  -0.696371   0.533  0.585  0.000   
    39800000  -0.651831   0.533  0.585  0.000   
    39900000  -0.480587   0.533  0.585  0.000   
    40000000  -0.364088   0.532  0.585  0.000   
    40100000  -0.567987   0.532  0.585  0.000   
    40200000  -0.581224   0.532  0.585  0.000   
    40300000  -0.743239   0.531  0.585  0.000   
    40400000  -0.378030   0.531  0.585  0.000   
    40500000  -0.659499   0.531  0.585  0.000   
    40600000  -0.709602   0.530  0.585  0.000   
    40700000  -0.539447   0.530  0.585  0.000   
    40800000  -0.474165   0.530  0.586  0.000   
    40900000  -0.537767   0.529  0.586  0.000   
    41000000  -0.552035   0.529  0.586  0.000   
    41100000  -0.552116   0.529  0.586  0.000   
    41200000  -0.697126   0.529  0.586  0.000   
    41300000  -0.784160   0.528  0.586  0.000   
    41400000  -0.440842   0.528  0.586  0.000   
    41500000  -0.579184   0.528  0.586  0.000   
    41600000  -0.540978   0.527  0.586  0.000   
    41700000  -0.791114   0.527  0.586  0.000   
    41800000  -0.671721   0.527  0.586  0.000   
    41900000  -0.658110   0.526  0.586  0.000   
    42000000  -0.387392   0.526  0.586  0.000   
    42100000  -0.440605   0.526  0.586  0.000   
    42200000  -0.479217   0.526  0.586  0.000   
    42300000  -0.611394   0.525  0.586  0.000   
    42400000  -0.548961   0.525  0.586  0.000   
    42500000  -0.399039   0.525  0.586  0.000   
    42600000  -0.381278   0.524  0.586  0.000   
    42700000  -0.431218   0.524  0.586  0.000   
    42800000  -0.713420   0.524  0.586  0.000   
    42900000  -0.758835   0.524  0.586  0.000   
    43000000  -0.675151   0.523  0.586  0.000   
    43100000  -0.374068   0.523  0.586  0.000   
    43200000  -0.484438   0.523  0.587  0.000   
    43300000  -0.376326   0.522  0.587  0.000   
    43400000  -0.923719   0.522  0.587  0.000   
    43500000  -0.810533   0.522  0.587  0.000   
    43600000  -0.679997   0.522  0.587  0.000   
    43700000  -0.595665   0.521  0.587  0.000   
    43800000  -0.659213   0.521  0.587  0.000   
    43900000  -0.356509   0.521  0.587  0.000   
    44000000  -0.564346   0.521  0.587  0.000   
    44100000  -0.380249   0.520  0.587  0.000   
    44200000  -0.719828   0.520  0.587  0.000   
    44300000  -0.502156   0.520  0.587  0.000   
    44400000  -0.589491   0.519  0.587  0.000   
    44500000  -0.531878   0.519  0.587  0.000   
    44600000  -0.449825   0.519  0.587  0.000   
    44700000  -0.780830   0.519  0.587  0.000   
    44800000  -0.355872   0.518  0.587  0.000   
    44900000  -0.536049   0.518  0.587  0.000   
    45000000  -0.446020   0.518  0.587  0.000   
    45100000  -0.621933   0.518  0.587  0.000   
    45200000  -0.315077   0.517  0.587  0.000   
    45300000  -0.501655   0.517  0.587  0.000   
    45400000  -0.753591   0.517  0.587  0.000   
    45500000  -0.670060   0.517  0.587  0.000   
    45600000  -0.605650   0.516  0.587  0.000   
    45700000  -0.648785   0.516  0.587  0.000   
    45800000  -0.629699   0.516  0.587  0.000   
    45900000  -0.788444   0.516  0.588  0.000   
    46000000  -0.643386   0.515  0.588  0.000   
    46100000  -0.530013   0.515  0.588  0.000   
    46200000  -0.598893   0.515  0.588  0.000   
    46300000  -1.186866   0.515  0.588  0.000   
    46400000  -1.249085   0.516  0.588  0.000   
    46500000  -1.151194   0.516  0.587  0.000   
    46600000  -1.108353   0.517  0.587  0.000   
    46700000  -1.317553   0.517  0.587  0.000   
    46800000  -1.244979   0.517  0.587  0.000   
    46900000  -1.024703   0.518  0.587  0.000   
    47000000  -1.270130   0.518  0.587  0.000   
    47100000  -1.032487   0.519  0.587  0.000   
    47200000  -1.035803   0.519  0.587  0.000   
    47300000  -1.066364   0.519  0.587  0.000   
    47400000  -1.110644   0.519  0.587  0.000   
    47500000  -1.081429   0.520  0.587  0.000   
    47600000  -1.000132   0.520  0.587  0.000   
    47700000  -1.334938   0.521  0.587  0.000   
    47800000  -1.199153   0.521  0.587  0.000   
    47900000  -0.784824   0.522  0.587  0.000   
    48000000  -1.219998   0.522  0.586  0.000   
    48100000  -1.179558   0.522  0.586  0.000   
    48200000  -1.129658   0.523  0.586  0.000   
    48300000  -0.751788   0.523  0.586  0.000   
    48400000  -0.831372   0.523  0.586  0.000   
    48500000  -0.572638   0.522  0.586  0.000   
    48600000  -0.513645   0.522  0.586  0.000   
    48700000  -0.657030   0.522  0.586  0.000   
    48800000  -0.696000   0.522  0.586  0.000   
    48900000  -0.724083   0.521  0.587  0.000   
    49000000  -0.759580   0.521  0.587  0.000   
    49100000  -0.600030   0.521  0.587  0.000   
    49200000  -0.728388   0.521  0.587  0.000   
    49300000  -0.783887   0.520  0.587  0.000   
    49400000  -0.650731   0.520  0.587  0.000   
    49500000  -1.277909   0.520  0.587  0.000   
    49600000  -0.927161   0.521  0.587  0.000   
    49700000  -1.248415   0.521  0.587  0.000   
    49800000  -1.068454   0.521  0.586  0.000   
    49900000  -1.036885   0.522  0.586  0.000   
    50000000  -1.164773   0.522  0.586  0.000   
    50100000  -1.312413   0.523  0.586  0.000   
    50200000  -1.103181   0.523  0.586  0.000   
    50300000  -0.685584   0.523  0.586  0.000   
    50400000  -0.766809   0.523  0.586  0.000   
    50500000  -0.647656   0.523  0.586  0.000   
    50600000  -0.621130   0.523  0.586  0.000   
    50700000  -0.749075   0.522  0.586  0.000   
    50800000  -0.687788   0.522  0.586  0.000   
    50900000  -0.254968   0.522  0.587  0.000   
    51000000  -0.545737   0.522  0.587  0.000   
    51100000  -0.542164   0.522  0.587  0.000   
    51200000  -0.419272   0.521  0.587  0.000   
    51300000  -0.568882   0.521  0.587  0.000   
    51400000  -0.506543   0.521  0.587  0.000   
    51500000  -0.535996   0.521  0.587  0.000   
    51600000  -0.713214   0.520  0.587  0.000   
    51700000  -0.567549   0.520  0.587  0.000   
    51800000  -0.479932   0.520  0.587  0.000   
    51900000  -1.095293   0.520  0.587  0.000   
    52000000  -1.204117   0.520  0.587  0.000   
    52100000  -1.149765   0.521  0.587  0.000   
    52200000  -1.165011   0.521  0.587  0.000   
    52300000  -1.076903   0.521  0.587  0.000   
    52400000  -1.139989   0.522  0.587  0.000   
    52500000  -1.011749   0.522  0.586  0.000   
    52600000  -1.238691   0.523  0.586  0.000   
    52700000  -0.724879   0.523  0.586  0.000   
    52800000  -1.184844   0.523  0.586  0.000   
    52900000  -1.272482   0.524  0.586  0.000   
    53000000  -1.079657   0.524  0.586  0.000   
    53100000  -1.218777   0.524  0.586  0.000   
    53200000  -1.141949   0.524  0.586  0.000   
    53300000  -0.944674   0.525  0.586  0.000   
    53400000  -0.877708   0.525  0.586  0.000   
    53500000  -0.595232   0.525  0.586  0.000   
    53600000  -0.487473   0.525  0.586  0.000   
    53700000  -0.468066   0.524  0.586  0.000   
    53800000  -0.426408   0.524  0.586  0.000   
    53900000  -0.780550   0.524  0.586  0.000   
    54000000  -0.549026   0.524  0.586  0.000   
    54100000  -0.612518   0.524  0.586  0.000   
    54200000  -0.620178   0.523  0.586  0.000   
    54300000  -1.067236   0.523  0.586  0.000   
    54400000  -1.135688   0.524  0.586  0.000   
    54500000  -0.945591   0.524  0.586  0.000   
    54600000  -0.948764   0.524  0.586  0.000   
    54700000  -1.008348   0.525  0.586  0.000   
    54800000  -1.151263   0.525  0.586  0.000   
    54900000  -1.180999   0.525  0.586  0.000   
    55000000  -0.784261   0.525  0.586  0.000   
    55100000  -1.013115   0.526  0.586  0.000   
    55200000  -1.033771   0.526  0.586  0.000   
    55300000  -0.894641   0.526  0.586  0.000   
    55400000  -0.997136   0.527  0.586  0.000   
    55500000  -0.889066   0.527  0.586  0.000   
    55600000  -1.207067   0.527  0.585  0.000   
    55700000  -1.075613   0.527  0.585  0.000   
    55800000  -1.225800   0.528  0.585  0.000   
    55900000  -1.361573   0.528  0.585  0.000   
    56000000  -1.239738   0.528  0.585  0.000   
    56100000  -1.023762   0.529  0.585  0.000   
    56200000  -0.685480   0.529  0.585  0.000   
    56300000  -0.649986   0.529  0.585  0.000   
    56400000  -0.408001   0.529  0.585  0.000   
    56500000  -0.525304   0.528  0.585  0.000   
    56600000  -0.610488   0.528  0.585  0.000   
    56700000  -0.791665   0.528  0.585  0.000   
    56800000  -0.478603   0.528  0.585  0.000   
    56900000  -0.703551   0.527  0.585  0.000   
    57000000  -0.479897   0.527  0.585  0.000   
    57100000  -0.421397   0.527  0.585  0.000   
    57200000  -0.695236   0.527  0.586  0.000   
    57300000  -0.609583   0.527  0.586  0.000   
    57400000  -0.854119   0.526  0.586  0.000   
    57500000  -0.501980   0.526  0.586  0.000   
    57600000  -0.677247   0.526  0.586  0.000   
    57700000  -0.661267   0.526  0.586  0.000   
    57800000  -0.640085   0.525  0.586  0.000   
    57900000  -0.760510   0.525  0.586  0.000   
    58000000  -0.646393   0.525  0.586  0.000   
    58100000  -0.827400   0.525  0.586  0.000   
    58200000  -0.276166   0.525  0.586  0.000   
    58300000  -0.591371   0.524  0.586  0.000   
    58400000  -0.416848   0.524  0.586  0.000   
    58500000  -0.615592   0.524  0.586  0.000   
    58600000  -0.491655   0.524  0.586  0.000   
    58700000  -0.444099   0.523  0.586  0.000   
    58800000  -0.550315   0.523  0.586  0.000   
    58900000  -0.481437   0.523  0.586  0.000   
    59000000  -0.601445   0.523  0.586  0.000   
    59100000  -0.640115   0.523  0.586  0.000   
    59200000  -0.755162   0.522  0.586  0.000   
    59300000  -0.553307   0.522  0.586  0.000   
    59400000  -0.371530   0.522  0.586  0.000   
    59500000  -0.374006   0.522  0.586  0.000   
    59600000  -0.678282   0.522  0.586  0.000   
    59700000  -0.796894   0.521  0.586  0.000   
    59800000  -0.837735   0.521  0.586  0.000   
    59900000  -0.675248   0.521  0.586  0.000   
    60000000  -0.562816   0.521  0.586  0.000   
    60100000  -0.350816   0.521  0.586  0.000   
    60200000  -0.491487   0.520  0.587  0.000   
    60300000  -0.624742   0.520  0.587  0.000   
    60400000  -0.488399   0.520  0.587  0.000   
    60500000  -0.414273   0.520  0.587  0.000   
    60600000  -0.696718   0.520  0.587  0.000   
    60700000  -0.644743   0.519  0.587  0.000   
    60800000  -0.484081   0.519  0.587  0.000   
    60900000  -0.729966   0.519  0.587  0.000   
    61000000  -0.581501   0.519  0.587  0.000   
    61100000  -0.597744   0.519  0.587  0.000   
    61200000  -0.155597   0.518  0.587  0.000   
    61300000  -0.627193   0.518  0.587  0.000   
    61400000  -0.584880   0.518  0.587  0.000   
    61500000  -0.512143   0.518  0.587  0.000   
    61600000  -1.223849   0.518  0.587  0.000   
    61700000  -1.311605   0.518  0.587  0.000   
    61800000  -1.002919   0.519  0.587  0.000   
    61900000  -1.167369   0.519  0.587  0.000   
    62000000  -1.242873   0.519  0.587  0.000   
    62100000  -0.885577   0.519  0.587  0.000   
    62200000  -0.359633   0.519  0.587  0.000   
    62300000  -0.612110   0.519  0.587  0.000   
    62400000  -0.717303   0.519  0.587  0.000   
    62500000  -0.571118   0.519  0.587  0.000   
    62600000  -0.413716   0.519  0.587  0.000   
    62700000  -0.523169   0.518  0.587  0.000   
    62800000  -0.517638   0.518  0.587  0.000   
    62900000  -0.781969   0.518  0.587  0.000   
    63000000  -0.393893   0.518  0.587  0.000   
    63100000  -0.612276   0.518  0.587  0.000   
    63200000  -0.856436   0.517  0.587  0.000   
    63300000  -1.110825   0.517  0.587  0.000   
    63400000  -1.162281   0.518  0.587  0.000   
    63500000  -1.260604   0.518  0.587  0.000   
    63600000  -1.281044   0.518  0.587  0.000   
    63700000  -1.024602   0.519  0.587  0.000   
    63800000  -1.111807   0.519  0.587  0.000   
    63900000  -1.190457   0.519  0.587  0.000   
    64000000  -1.116298   0.520  0.587  0.000   
    64100000  -0.913628   0.520  0.587  0.000   
    64200000  -1.270417   0.520  0.587  0.000   
    64300000  -1.253943   0.521  0.587  0.000   
    64400000  -1.063916   0.521  0.586  0.000   
    64500000  -1.123326   0.521  0.586  0.000   
    64600000  -1.079087   0.521  0.586  0.000   
    64700000  -1.145801   0.522  0.586  0.000   
    64800000  -1.026944   0.522  0.586  0.000   
    64900000  -1.187117   0.522  0.586  0.000   
    65000000  -1.284837   0.522  0.586  0.000   
    65100000  -1.047317   0.523  0.586  0.000   
    65200000  -1.141400   0.523  0.586  0.000   
    65300000  -0.274716   0.523  0.586  0.000   
    65400000  -0.682972   0.523  0.586  0.000   
    65500000  -0.683465   0.523  0.586  0.000   
    65600000  -0.589766   0.523  0.586  0.000   
    65700000  -0.678601   0.522  0.586  0.000   
    65800000  -0.836103   0.522  0.586  0.000   
    65900000  -0.393934   0.522  0.586  0.000   
    66000000  -1.149994   0.522  0.586  0.000   
    66100000  -1.383167   0.522  0.586  0.000   
    66200000  -1.038469   0.522  0.586  0.000   
    66300000  -0.964832   0.523  0.586  0.000   
    66400000  -1.324576   0.523  0.586  0.000   
    66500000  -1.060286   0.523  0.586  0.000   
    66600000  -1.120582   0.523  0.586  0.000   
    66700000  -1.202495   0.524  0.586  0.000   
    66800000  -1.287664   0.524  0.586  0.000   
    66900000  -1.102050   0.524  0.586  0.000   
    67000000  -1.074158   0.525  0.586  0.000   
    67100000  -1.043860   0.525  0.586  0.000   
    67200000  -0.862954   0.525  0.586  0.000   
    67300000  -1.014810   0.525  0.586  0.000   
    67400000  -1.317358   0.526  0.586  0.000   
    67500000  -0.958831   0.526  0.586  0.000   
    67600000  -1.192823   0.526  0.586  0.000   
    67700000  -1.220495   0.526  0.585  0.000   
    67800000  -1.124401   0.527  0.585  0.000   
    67900000  -1.104212   0.527  0.585  0.000   
    68000000  -1.267396   0.527  0.585  0.000   
    68100000  -1.263793   0.527  0.585  0.000   
    68200000  -1.187096   0.528  0.585  0.000   
    68300000  -1.161379   0.528  0.585  0.000   
    68400000  -1.156886   0.528  0.585  0.000   
    68500000  -1.147655   0.529  0.585  0.000   
    68600000  -1.206528   0.529  0.585  0.000   
    68700000  -1.219824   0.529  0.585  0.000   
    68800000  -1.069029   0.529  0.585  0.000   
    68900000  -1.216033   0.530  0.585  0.000   
    69000000  -1.249421   0.530  0.585  0.000   
    69100000  -1.172648   0.530  0.585  0.000   
    69200000  -0.609225   0.530  0.585  0.000   
    69300000  -0.413770   0.530  0.585  0.000   
    69400000  -0.322028   0.530  0.585  0.000   
    69500000  -0.660565   0.530  0.585  0.000   
    69600000  -0.549405   0.530  0.585  0.000   
    69700000  -0.353816   0.530  0.585  0.000   
    69800000  -0.717174   0.529  0.585  0.000   
    69900000  -0.615435   0.529  0.585  0.000   
    70000000  -0.744128   0.529  0.585  0.000   
    70100000  -0.693048   0.529  0.585  0.000   
    70200000  -0.430308   0.529  0.585  0.000   
    70300000  -0.417995   0.528  0.585  0.000   
    70400000  -0.340429   0.528  0.585  0.000   
    70500000  -0.562300   0.528  0.585  0.000   
    70600000  -0.461544   0.528  0.585  0.000   
    70700000  -0.502809   0.528  0.585  0.000   
    70800000  -0.678275   0.527  0.585  0.000   
    70900000  -1.208149   0.528  0.585  0.000   
    71000000  -0.853773   0.528  0.585  0.000   
    71100000  -1.140476   0.528  0.585  0.000   
    71200000  -1.132163   0.528  0.585  0.000   
    71300000  -1.123498   0.529  0.585  0.000   
    71400000  -0.784285   0.529  0.585  0.000   
    71500000  -1.035357   0.529  0.585  0.000   
    71600000  -1.206805   0.529  0.585  0.000   
    71700000  -1.130500   0.529  0.585  0.000   
    71800000  -1.238985   0.529  0.585  0.000   
    71900000  -1.173828   0.530  0.585  0.000   
    72000000  -1.117836   0.530  0.585  0.000   
    72100000  -1.223895   0.530  0.585  0.000   
    72200000  -1.186712   0.531  0.585  0.000   
    72300000  -1.172531   0.531  0.585  0.000   
    72400000  -1.153320   0.531  0.585  0.000   
    72500000  -1.188628   0.531  0.585  0.000   
    72600000  -1.268596   0.532  0.585  0.000   
    72700000  -1.219811   0.532  0.585  0.000   
    72800000  -1.172261   0.532  0.585  0.000   
    72900000  -1.248528   0.532  0.585  0.000   
    73000000  -0.488590   0.532  0.585  0.000   
    73100000  -0.363074   0.532  0.585  0.000   
    73200000  -0.596749   0.532  0.585  0.000   
    73300000  -0.612869   0.532  0.585  0.000   
    73400000  -0.417199   0.532  0.585  0.000   
    73500000  -0.665751   0.531  0.585  0.000   
    73600000  -0.529247   0.531  0.585  0.000   
    73700000  -0.692764   0.531  0.585  0.000   
    73800000  -0.356821   0.531  0.585  0.000   
    73900000  -0.770260   0.531  0.585  0.000   
    74000000  -0.705618   0.531  0.585  0.000   
    74100000  -0.507683   0.530  0.585  0.000   
    74200000  -0.425117   0.530  0.585  0.000   
    74300000  -0.579829   0.530  0.585  0.000   
    74400000  -0.637239   0.530  0.585  0.000   
    74500000  -0.561463   0.530  0.585  0.000   
    74600000  -0.766300   0.529  0.585  0.000   
    74700000  -0.586671   0.529  0.585  0.000   
    74800000  -0.650199   0.529  0.585  0.000   
    74900000  -0.689826   0.529  0.585  0.000   
    75000000  -0.392132   0.529  0.585  0.000   
    75100000  -0.416989   0.529  0.585  0.000   
    75200000  -0.819764   0.528  0.585  0.000   
    75300000  -0.644428   0.528  0.585  0.000   
    75400000  -0.544337   0.528  0.585  0.000   
    75500000  -0.382313   0.528  0.585  0.000   
    75600000  -0.563722   0.528  0.585  0.000   
    75700000  -0.562967   0.528  0.585  0.000   
    75800000  -0.455449   0.527  0.585  0.000   
    75900000  -0.587797   0.527  0.585  0.000   
    76000000  -0.654666   0.527  0.585  0.000   
    76100000  -0.406746   0.527  0.585  0.000   
    76200000  -0.719058   0.527  0.585  0.000   
    76300000  -0.522303   0.527  0.586  0.000   
    76400000  -0.589195   0.526  0.586  0.000   
    76500000  -0.423189   0.526  0.586  0.000   
    76600000  -0.575166   0.526  0.586  0.000   
    76700000  -0.525785   0.526  0.586  0.000   
    76800000  -0.583235   0.526  0.586  0.000   
    76900000  -0.727572   0.526  0.586  0.000   
    77000000  -0.664151   0.525  0.586  0.000   
    77100000  -0.576272   0.525  0.586  0.000   
    77200000  -0.616764   0.525  0.586  0.000   
    77300000  -0.558140   0.525  0.586  0.000   
    77400000  -0.134708   0.525  0.586  0.000   
    77500000  -1.327114   0.525  0.586  0.000   
    77600000  -1.275567   0.525  0.586  0.000   
    77700000  -0.884145   0.525  0.586  0.000   
    77800000  -1.221991   0.525  0.586  0.000   
    77900000  -1.306618   0.526  0.586  0.000   
    78000000  -1.212623   0.526  0.586  0.000   
    78100000  -1.121763   0.526  0.586  0.000   
    78200000  -0.969011   0.526  0.586  0.000   
    78300000  -1.098941   0.526  0.586  0.000   
    78400000  -1.019017   0.527  0.585  0.000   
    78500000  -1.101701   0.527  0.585  0.000   
    78600000  -1.219745   0.527  0.585  0.000   
    78700000  -1.271307   0.527  0.585  0.000   
    78800000  -1.223721   0.528  0.585  0.000   
    78900000  -1.069754   0.528  0.585  0.000   
    79000000  -0.711143   0.528  0.585  0.000   
    79100000  -0.478223   0.528  0.585  0.000   
    79200000  -0.714600   0.528  0.585  0.000   
    79300000  -1.063874   0.528  0.585  0.000   
    79400000  -1.211798   0.528  0.585  0.000   
    79500000  -1.138809   0.528  0.585  0.000   
    79600000  -1.326600   0.528  0.585  0.000   
    79700000  -1.202260   0.528  0.585  0.000   
    79800000  -1.134415   0.529  0.585  0.000   
    79900000  -1.097036   0.529  0.585  0.000   
    80000000  -1.268798   0.529  0.585  0.000   
    80100000  -1.042639   0.529  0.585  0.000   
    80200000  -1.149223   0.530  0.585  0.000   
    80300000  -1.135355   0.530  0.585  0.000   
    80400000  -1.257412   0.530  0.585  0.000   
    80500000  -1.191672   0.530  0.585  0.000   
    80600000  -1.161105   0.531  0.585  0.000   
    80700000  -1.236630   0.531  0.585  0.000   
    80800000  -1.198858   0.531  0.585  0.000   
    80900000  -0.493087   0.531  0.585  0.000   
    81000000  -0.630495   0.531  0.585  0.000   
    81100000  -0.707308   0.531  0.585  0.000   
    81200000  -0.610369   0.530  0.585  0.000   
    81300000  -1.065980   0.531  0.585  0.000   
    81400000  -1.220356   0.531  0.585  0.000   
    81500000  -1.255985   0.531  0.585  0.000   
    81600000  -1.383347   0.531  0.585  0.000   
    81700000  -1.330223   0.531  0.585  0.000   
    81800000  -1.201239   0.531  0.585  0.000   
    81900000  -1.284355   0.532  0.585  0.000   
    82000000  -1.056538   0.532  0.585  0.000   
    82100000  -1.289365   0.532  0.585  0.000   
    82200000  -1.134916   0.532  0.585  0.000   
    82300000  -1.069344   0.533  0.585  0.000   
    82400000  -1.261471   0.533  0.585  0.000   
    82500000  -0.934132   0.533  0.585  0.000   
    82600000  -1.222735   0.533  0.584  0.000   
    82700000  -1.233934   0.533  0.584  0.000   
    82800000  -0.986724   0.533  0.584  0.000   
    82900000  -0.602276   0.533  0.584  0.000   
    83000000  -0.494291   0.533  0.584  0.000   
    83100000  -0.434150   0.533  0.584  0.000   
    83200000  -0.407704   0.533  0.584  0.000   
    83300000  -1.048945   0.533  0.584  0.000   
    83400000  -1.265862   0.533  0.584  0.000   
    83500000  -1.065939   0.533  0.584  0.000   
    83600000  -1.134401   0.534  0.584  0.000   
    83700000  -1.204159   0.534  0.584  0.000   
    83800000  -1.218776   0.534  0.584  0.000   
    83900000  -1.201391   0.534  0.584  0.000   
    84000000  -1.038497   0.534  0.584  0.000   
    84100000  -0.445324   0.534  0.584  0.000   
    84200000  -0.698652   0.534  0.584  0.000   
    84300000  -0.836186   0.534  0.584  0.000   
    84400000  -1.093080   0.534  0.584  0.000   
    84500000  -0.986392   0.534  0.584  0.000   
    84600000  -1.157567   0.534  0.584  0.000   
    84700000  -1.168646   0.535  0.584  0.000   
    84800000  -1.086365   0.535  0.584  0.000   
    84900000  -0.950392   0.535  0.584  0.000   
    85000000  -1.217957   0.535  0.584  0.000   
    85100000  -1.178127   0.536  0.584  0.000   
    85200000  -1.031609   0.536  0.584  0.000   
    85300000  -1.182027   0.536  0.584  0.000   
    85400000  -0.761584   0.536  0.584  0.000   
    85500000  -0.359329   0.536  0.584  0.000   
    85600000  -0.249098   0.536  0.584  0.000   
    85700000  -0.500753   0.535  0.584  0.000   
    85800000  -1.245265   0.535  0.584  0.000   
    85900000  -1.098978   0.536  0.584  0.000   
    86000000  -0.581878   0.536  0.584  0.000   
    86100000  -1.172161   0.536  0.584  0.000   
    86200000  -1.124101   0.536  0.584  0.000   
    86300000  -1.157904   0.536  0.584  0.000   
    86400000  -1.156564   0.536  0.584  0.000   
    86500000  -1.029097   0.537  0.584  0.000   
    86600000  -1.128163   0.537  0.584  0.000   
    86700000  -0.670176   0.537  0.584  0.000   
    86800000  -1.242841   0.537  0.584  0.000   
    86900000  -1.216382   0.537  0.584  0.000   
    87000000  -1.082996   0.537  0.584  0.000   
    87100000  -0.426758   0.538  0.584  0.000   
    87200000  -0.649873   0.537  0.584  0.000   
    87300000  -0.478634   0.537  0.584  0.000   
    87400000  -0.713063   0.537  0.584  0.000   
    87500000  -0.470412   0.537  0.584  0.000   
    87600000  -0.703820   0.537  0.584  0.000   
    87700000  -0.884162   0.537  0.584  0.000   
    87800000  -0.682821   0.536  0.584  0.000   
    87900000  -0.354051   0.536  0.584  0.000   
    88000000  -0.499742   0.536  0.584  0.000   
    88100000  -0.675123   0.536  0.584  0.000   
    88200000  -0.676091   0.536  0.584  0.000   
    88300000  -0.624676   0.536  0.584  0.000   
    88400000  -0.571990   0.536  0.584  0.000   
    88500000  -0.405750   0.535  0.584  0.000   
    88600000  -0.837932   0.535  0.584  0.000   
    88700000  -1.180752   0.535  0.584  0.000   
    88800000  -0.565512   0.535  0.584  0.000   
    88900000  -0.339367   0.535  0.584  0.000   
    89000000  -0.387600   0.535  0.584  0.000   
    89100000  -0.825387   0.535  0.584  0.000   
    89200000  -0.493089   0.535  0.584  0.000   
    89300000  -0.640915   0.535  0.584  0.000   
    89400000  -0.691251   0.534  0.584  0.000   
    89500000  -0.752810   0.534  0.584  0.000   
    89600000  -0.660629   0.534  0.584  0.000   
    89700000  -0.504628   0.534  0.584  0.000   
    89800000  -0.978630   0.534  0.584  0.000   
    89900000  -0.647154   0.534  0.584  0.000   
    90000000  -0.327382   0.534  0.584  0.000   
    90100000  -0.782580   0.533  0.584  0.000   
    90200000  -0.463405   0.533  0.584  0.000   
    90300000  -0.632774   0.533  0.584  0.000   
    90400000  -0.729777   0.533  0.584  0.000   
    90500000  -0.649176   0.533  0.584  0.000   
    90600000  -0.637291   0.533  0.584  0.000   
    90700000  -0.564366   0.533  0.584  0.000   
    90800000  -0.643735   0.532  0.584  0.000   
    90900000  -0.418395   0.532  0.584  0.000   
    91000000  -0.813379   0.532  0.584  0.000   
    91100000  -0.714510   0.532  0.584  0.000   
    91200000  -0.614251   0.532  0.584  0.000   
    91300000  -0.455096   0.532  0.584  0.000   
    91400000  -0.799615   0.532  0.584  0.000   
    91500000  -0.691460   0.531  0.584  0.000   
    91600000  -0.389033   0.531  0.584  0.000   
    91700000  -0.456486   0.531  0.584  0.000   
    91800000  -0.470750   0.531  0.585  0.000   
    91900000  -0.436351   0.531  0.585  0.000   
    92000000  -0.241006   0.531  0.585  0.000   
    92100000  -0.638716   0.531  0.585  0.000   
    92200000  -0.751844   0.530  0.585  0.000   
    92300000  -0.449496   0.530  0.585  0.000   
    92400000  -1.082662   0.530  0.585  0.000   
    92500000  -1.310073   0.531  0.585  0.000   
    92600000  -0.626226   0.531  0.585  0.000   
    92700000  -0.425068   0.530  0.585  0.000   
    92800000  -0.623450   0.530  0.585  0.000   
    92900000  -0.531002   0.530  0.585  0.000   
    93000000  -0.416801   0.530  0.585  0.000   
    93100000  -0.534275   0.530  0.585  0.000   
    93200000  -0.854914   0.530  0.585  0.000   
    93300000  -0.576121   0.530  0.585  0.000   
    93400000  -0.714817   0.530  0.585  0.000   
    93500000  -0.135840   0.529  0.585  0.000   
    93600000  -0.516173   0.529  0.585  0.000   
    93700000  -0.606331   0.529  0.585  0.000   
    93800000  -0.782616   0.529  0.585  0.000   
    93900000  -0.603927   0.529  0.585  0.000   
    94000000  -0.706718   0.529  0.585  0.000   
    94100000  -0.630274   0.529  0.585  0.000   
    94200000  -0.611891   0.528  0.585  0.000   
    94300000  -0.436465   0.528  0.585  0.000   
    94400000  -0.529195   0.528  0.585  0.000   
    94500000  -0.617522   0.528  0.585  0.000   
    94600000  -0.372795   0.528  0.585  0.000   
    94700000  -0.502487   0.528  0.585  0.000   
    94800000  -0.478018   0.528  0.585  0.000   
    94900000  -0.776667   0.528  0.585  0.000   
    95000000  -0.477851   0.527  0.585  0.000   
    95100000  -0.457810   0.527  0.585  0.000   
    95200000  -0.511564   0.527  0.585  0.000   
    95300000  -1.140555   0.527  0.585  0.000   
    95400000  -1.206639   0.528  0.585  0.000   
    95500000  -1.131868   0.528  0.585  0.000   
    95600000  -1.311230   0.528  0.585  0.000   
    95700000  -1.099589   0.528  0.585  0.000   
    95800000  -1.125017   0.528  0.585  0.000   
    95900000  -1.278036   0.529  0.585  0.000   
    96000000  -1.121507   0.529  0.585  0.000   
    96100000  -1.014652   0.529  0.585  0.000   
    96200000  -1.316856   0.529  0.585  0.000   
    96300000  -1.176978   0.529  0.585  0.000   
    96400000  -1.135911   0.529  0.585  0.000   
    96500000  -1.207824   0.530  0.585  0.000   
    96600000  -1.191369   0.530  0.585  0.000   
    96700000  -1.208296   0.530  0.585  0.000   
    96800000  -0.982015   0.530  0.585  0.000   
    96900000  -1.110808   0.530  0.585  0.000   
    97000000  -1.244485   0.530  0.585  0.000   
    97100000  -1.239142   0.531  0.585  0.000   
    97200000  -1.170250   0.531  0.585  0.000   
    97300000  -1.136167   0.531  0.585  0.000   
    97400000  -0.897481   0.531  0.584  0.000   
    97500000  -1.284271   0.531  0.584  0.000   
    97600000  -0.954840   0.531  0.584  0.000   
    97700000  -1.237574   0.532  0.584  0.000   
    97800000  -1.264699   0.532  0.584  0.000   
    97900000  -1.156534   0.532  0.584  0.000   
    98000000  -0.987374   0.532  0.584  0.000   
    98100000  -0.594627   0.532  0.584  0.000   
    98200000  -0.577406   0.532  0.584  0.000   
    98300000  -0.446880   0.532  0.584  0.000   
    98400000  -0.458784   0.532  0.584  0.000   
    98500000  -0.566013   0.532  0.584  0.000   
    98600000  -0.676683   0.531  0.584  0.000   
    98700000  -0.334544   0.531  0.584  0.000   
    98800000  -0.338617   0.531  0.585  0.000   
    98900000  -0.327866   0.531  0.585  0.000   
    99000000  -0.664554   0.531  0.585  0.000   
    99100000  -0.801984   0.531  0.585  0.000   
    99200000  -1.233559   0.531  0.585  0.000   
    99300000  -1.150176   0.531  0.584  0.000   
    99400000  -0.946197   0.531  0.584  0.000   
    99500000  -1.280566   0.531  0.584  0.000   
    99600000  -1.003446   0.532  0.584  0.000   
    99700000  -0.526969   0.532  0.584  0.000   
    99800000  -0.573360   0.532  0.584  0.000   
    99900000  -0.605073   0.531  0.584  0.000   
   100000000  -0.683416   0.531  0.584  0.000   
