t = 100000000
b = 50 50 50
E = -1.29720676867815 -1.29720676867815 0
-7563.47048443589 -432.680410769094 5387.74242120932 -0.577065978802706 0.708546031989189 0.406149451139417 0.69358774311527 0.16261323395791 0.701778439923896 0 0 0 0 0 0
-7563.23255857386 -432.196341232255 5387.92175270626 -0.662583563244718 -0.0225353718516137 0.748648902178746 0.693961839903328 0.357572985648979 0.624946817490947 0 0 0 0 0 0
-7562.99733748865 -431.758185538809 5388.20209834306 -0.570320366952316 -0.460190505072188 0.680411183095031 0.526038988561464 0.431577150476845 0.732819313132179 0 0 0 0 0 0
-7563.06888274328 -431.491556116037 5388.63710257887 0.00951464029761831 -0.898438955581862 0.438995347028849 0.444800016717167 0.396993412079119 0.802838200320705 0 0 0 0 0 0
-7563.18290414657 -431.350589478358 5389.09549944637 0.523092976228259 -0.842606440681118 0.128016109702492 0.357273238803181 0.353162696963677 0.864657124129807 0 0 0 0 0 0
-7563.10184496539 -431.409240274195 5389.68297683118 0.830882132431591 -0.465026811532766 -0.305589506628748 0.495734072591056 0.369161177220466 0.78610925099854 0 0 0 0 0 0
-7562.85861241464 -431.519487955023 5390.17489233723 0.598316639377972 0.258111658416423 -0.758548331243945 0.602414779543208 0.479298391467079 0.638255031570436 0 0 0 0 0 0
-7562.35346164396 -431.419444337637 5390.36469527586 0.11143141217376 0.637167679603794 -0.762627293275869 0.672221123318107 0.516869434339269 0.530061080641416 0 0 0 0 0 0
-7561.54595087484 -431.495117933897 5390.67084372781 0.615036332376498 -0.242028649015235 -0.750434835886985 -0.788450568667862 -0.199296250634692 -0.581916407442065 0 0 0 0 0 0
-7561.84024225234 -431.194944710806 5390.3302981515 0.328279565305048 -0.903559455771563 -0.275341309811886 -0.685829938433117 -0.0275630158126131 -0.727239696185611 0 0 0 0 0 0
-7561.89017852459 -431.264750651125 5389.80712267108 -0.333357546564771 -0.830276567815212 0.446669415883054 -0.728861284945436 -0.0735606269439926 -0.680698216151104 0 0 0 0 0 0
-7562.00466967388 -431.60307388012 5389.52045594257 -0.757446582671137 -0.231468225450462 0.610489258715197 -0.528273052188354 -0.332195925801502 -0.781391994592013 0 0 0 0 0 0
-7562.10806232223 -431.989771672866 5389.27734572094 -0.796740087451269 0.482168783525903 0.364305499877912 -0.567646849507072 -0.390302714786091 -0.724872985477665 0 0 0 0 0 0
-7562.57460222677 -432.355294607833 5389.27158565698 -0.581755877656118 0.803100866010326 -0.128798671678029 -0.57679214602666 -0.518992605393548 -0.630838724103694 0 0 0 0 0 0
-7563.09247792511 -432.515535466788 5389.19535997184 0.0166417903740374 0.861753686762589 -0.507053876983731 -0.727697677718751 -0.337342289494997 -0.597207057527798 0 0 0 0 0 0
-7563.56397175984 -432.418410591592 5389.00421486056 0.400013707889263 0.599984751362395 -0.692825614157912 -0.744686751303202 -0.227884663366168 -0.62730393162802 0 0 0 0 0 0
-7564.00596425587 -432.173176875286 5388.79953894596 0.654706966747917 -0.0327950102012811 -0.755171023674532 -0.724895363002842 -0.310363222643272 -0.614980798665666 0 0 0 0 0 0
-7564.24303779849 -431.924161298246 5388.43316283202 0.482274863157514 -0.769412221255513 -0.418826682709041 -0.809606247705028 -0.208864637366958 -0.548555637045646 0 0 0 0 0 0
