t = 100000000
b = 50 50 50
E = -0.683416047735171 -0.683416047735171 0
4723.8590764494 2926.76372025067 2158.95942241326 0.718789719755003 0.0443097931076258 -0.693814082452413 -0.393387307862603 0.848760961570741 -0.353342972374045 0 0 0 0 0 0
4723.74678119498 2927.25902689218 2158.85363924826 0.314594813126604 -0.516560688256043 -0.796363710186671 -0.509564839826954 0.615924321541306 -0.600816864065926 0 0 0 0 0 0
4723.57357018356 2927.58648256939 2158.43276887985 -0.0225450756639545 -0.894053046459004 -0.447393417118179 -0.56425551730178 0.380797320397511 -0.732536082369037 0 0 0 0 0 0
4723.73098499631 2928.94678222891 2158.27874866246 0.608947050327774 0.779980747481091 -0.144268927548317 0.100666364557154 -0.256401485335734 -0.961313976474115 0 0 0 0 0 0
4722.71533306002 2928.92959373664 2158.24598238744 -0.220047644547761 0.707944592825478 -0.67111361751804 0.974968587773906 0.182082808185673 -0.127601347239653 0 0 0 0 0 0
4723.06029696095 2928.87457605558 2157.85536695644 -0.0317402642666197 0.968942543526809 0.245240500260628 0.972761762976369 0.0863168191417438 -0.215137070781299 0 0 0 0 0 0
4723.43451247291 2929.068611791 2157.53452151044 0.0185985939040901 0.441692007601328 0.896973947629416 0.981685665903043 0.162055989848133 -0.100155426786772 0 0 0 0 0 0
4724.26656914567 2928.60989547174 2157.23555191078 0.176183597115091 -0.971106325423725 0.160971565282869 0.934742211537243 0.216313600192178 0.281896123319146 0 0 0 0 0 0
4724.59853817991 2929.61828536316 2157.64129132031 0.887342946846487 0.306434240503793 -0.344558486949105 -0.429223111737519 0.821958407459178 -0.37436866423024 0 0 0 0 0 0
4724.79490933194 2929.71415006369 2158.0727176238 -0.0922513991515796 0.933928762747268 -0.345350178033736 0.427206802072897 0.350408794237515 0.833491466773152 0 0 0 0 0 0
4725.53611235761 2929.51743735169 2159.06623703008 0.251141117007243 0.321150174604774 0.913121407426021 0.807493162486087 0.45067036087265 -0.380592982553715 0 0 0 0 0 0
4725.79204217409 2929.89251476442 2158.87632547223 0.434963726182301 -0.366356088410446 0.822550772530307 0.896633049696596 0.260218150284618 -0.358239708092548 0 0 0 0 0 0
4725.23665725474 2930.63953717218 2157.92234559057 -0.832400726366782 0.125194434362293 -0.539847556583115 -0.210676701427921 0.829518798949665 0.517217449110677 0 0 0 0 0 0
4725.18128673919 2931.08997330947 2157.84799551705 -0.859068570934661 -0.384467433261245 0.337914165423395 -0.235988145967177 0.883311201334039 0.405056683145447 0 0 0 0 0 0
4724.81916290478 2931.52028185693 2157.90653689069 -0.225459373219145 -0.669868877361456 0.707420496006536 -0.190883271654834 0.742415417165824 0.642170479667855 0 0 0 0 0 0
4724.39813529692 2931.66493752635 2158.17455137828 0.635644732291524 -0.25042230047381 0.730235883626271 -0.352172124374013 0.747694749376264 0.562963015276369 0 0 0 0 0 0
4724.13363845849 2931.69880251763 2158.58634063837 0.854171092433769 0.49204388731359 0.168180134997665 -0.510898449168114 0.733904741811777 0.447623284228831 0 0 0 0 0 0
4724.09515098673 2931.95930891634 2159.02346203612 0.383047314582068 0.744503594412209 -0.54679900575876 -0.570768655222484 0.656185813841961 0.493602390521036 0 0 0 0 0 0
